41.61
90.37
149.56
213.75
277.74
340.62
398.31
446.92
488.05
526.82
565.46
599.78
628.22
653.98
675.18
689.68
695.68
698.93
698.48
692.08
681.13
663.55
641.35
614.72
583.75
549.65
518.37
487.83
448.54
406.29
363.25
320.09
280.99
244.54
210.86
180.83
151.42
124.31
100.94
82.93
69.26
62.77
62.32
63.67
64.89
68.78
83.86
109.89
141.12
176.42
213.22
252.88
294.35
341.35
398.92
460.19
521.53
581.70
642.17
701.76
758.88
818.27
884.70
955.99
1021.98
1079.37
1132.49
1182.15
1229.82
1272.28
1307.04
1339.01
1371.59
1398.62
1416.84
1434.16
1451.98
1460.10
1455.28
1445.77
1434.05
1421.73
1402.59
1375.17
1344.42
1310.79
1273.43
1237.47
1202.11
1168.05
1134.24
1099.36
1064.67
1023.64
979.80
942.58
911.18
881.60
855.22
834.62
818.72
810.49
808.62
810.87
816.38
822.46
833.24
852.10
879.84
911.69
944.19
983.05
1032.65
1085.13
1136.67
1191.55
1249.31
1309.61
1371.79
1435.49
1499.21
1566.09
1631.48
1690.72
1748.18
1808.55
1867.15
1920.58
1971.47
2017.63
2053.75
2086.98
2117.66
2142.71
2168.15
2193.67
2210.45
2214.53
2208.97
2198.56
2185.63
2171.01
2157.94
2139.64
2109.15
2076.46
2046.12
2014.51
1977.52
1939.20
1900.16
1859.52
1819.05
1780.01
1742.46
1704.30
1667.36
1635.56
1610.07
1593.21
1581.67
1571.69
1567.44
1569.47
1571.42
1571.29
1577.95
1598.34
1625.73
1655.08
1688.46
1726.66
1768.88
1817.53
1873.75
1930.15
1985.27
2043.80
2108.95
2174.18
2233.10
2294.06
2360.56
2424.45
2485.85
2544.63
2601.03
2656.13
2707.71
2751.95
2792.55
2834.60
2872.18
2901.54
2923.50
2939.55
2953.54
2965.90
2968.59
2957.69
2942.03
2926.40
2911.94
2893.06
2862.42
2830.10
2799.29
2765.54
2733.07
2700.80
2665.82
2628.11
2588.84
2548.15
2509.36
2473.21
2435.83
2400.21
2376.06
2358.07
2342.40
2332.28
2321.89
2311.29
2310.46
2320.36
2332.62
2348.64
2374.19
2401.03
2430.19
2469.08
2517.65
2567.36
2618.05
2671.64
2721.72
2771.14
2830.54
2903.61
2973.97
3034.95
3096.14
3158.54
3217.13
3274.89
3330.55
3383.71
3435.57
3487.31
3538.74
3584.21
3618.24
3641.78
3665.05
3689.28
3706.55
3713.18
3716.51
3718.48
3713.77
3702.36
3685.06
3664.51
3640.32
3609.80
3580.12
3551.04
3516.27
3478.32
3435.25
3386.92
3344.60
3311.56
3279.07
3241.69
3204.41
3175.54
3153.50
3132.49
3108.00
3083.89
3071.75
3067.37
3062.21
3057.21
3064.53
3088.02
3119.95
3153.09
3182.04
3210.77
3250.20
3300.01
3350.58
3401.72
3459.75
3522.11
3579.18
3630.98
3693.22
3765.50
3832.67
3889.94
3946.66
4008.66
4071.03
4129.30
4182.61
4230.91
4277.13
4323.97
4367.11
4402.25
4424.12
4437.65
4450.64
4462.13
4469.96
4472.82
4466.77
4451.64
4433.56
4415.38
4393.73
4369.23
4340.40
4309.24
4274.00
4233.30
4190.54
4149.01
4113.22
4076.79
4038.21
4002.73
3969.97
3939.09
3913.49
3890.57
3866.43
3843.67
3830.50
3824.88
3822.04
3824.48
3835.73
3850.99
3866.93
3887.78
3916.19
3951.14
3990.08
4035.75
4087.07
4138.60
4190.56
4245.31
4303.72
4367.85
4433.21
4499.41
4563.60
4622.71
4683.13
4749.24
4812.79
4870.19
4922.74
4970.17
5015.31
5058.96
5101.01
5134.58
5159.60
5187.69
5208.76
5218.65
5222.23
5224.70
5227.59
5221.07
5201.30
5180.78
5162.36
5136.43
5101.58
5064.74
5028.19
4993.44
4959.40
4921.33
4881.28
4840.70
4801.21
4767.43
4738.35
4692.84
4416.94
3269.32
