23.56
24.81
26.08
27.40
28.75
30.13
31.54
32.99
34.49
36.00
37.56
39.14
40.75
42.39
44.07
45.77
47.49
49.24
51.01
52.82
54.65
56.51
58.38
60.26
62.19
64.12
66.08
68.06
70.03
72.04
74.05
76.08
78.12
80.20
82.27
84.38
86.49
88.61
90.77
92.94
95.12
97.33
99.55
101.77
104.03
106.29
108.57
110.88
113.20
115.53
117.88
120.25
122.64
125.05
127.48
129.93
132.40
134.87
137.36
139.87
142.39
144.93
147.50
150.07
152.66
155.27
157.89
160.51
163.15
165.80
168.46
171.11
173.77
176.46
179.15
181.84
184.54
187.25
189.95
192.65
195.34
198.05
200.75
203.44
206.14
208.83
211.53
214.20
216.90
219.59
222.28
224.93
227.59
230.25
232.90
235.53
238.15
240.77
243.40
246.02
248.63
251.22
253.83
256.42
259.01
261.61
264.18
266.77
269.34
271.90
274.46
277.03
279.59
282.15
284.68
287.22
289.77
292.33
294.87
297.42
299.93
302.46
304.98
307.50
310.03
312.55
315.09
317.60
320.12
322.63
325.13
327.62
330.11
332.62
335.10
337.58
340.04
342.48
344.94
347.39
349.85
352.26
354.68
357.09
359.47
361.85
364.21
366.57
368.92
371.24
373.56
375.88
378.16
380.44
382.71
384.96
387.19
389.40
391.61
393.78
395.95
398.08
400.20
402.31
404.40
406.44
408.50
410.53
412.55
414.55
416.52
418.47
420.39
422.31
424.22
426.10
427.98
429.83
431.68
433.52
435.34
437.16
438.94
440.73
442.48
444.25
445.96
447.70
449.42
451.09
452.77
454.45
456.11
457.79
459.44
461.07
462.72
464.36
465.97
467.60
469.23
470.84
472.42
474.03
475.60
477.18
478.76
480.32
481.90
483.45
485.01
486.56
488.10
489.64
491.18
492.72
494.24
495.78
497.31
498.84
500.37
501.90
503.42
504.94
506.45
507.95
509.45
510.95
512.45
513.95
515.43
516.91
518.42
519.92
521.41
522.91
524.38
525.86
527.37
528.85
530.35
531.84
533.34
534.85
536.33
537.82
539.32
540.84
542.35
543.84
545.37
546.89
548.39
549.90
551.43
552.93
554.46
555.98
557.48
558.99
560.50
562.02
563.55
565.05
566.57
568.10
569.60
571.10
572.60
574.12
575.60
577.10
578.59
580.07
581.53
582.99
584.44
585.87
587.30
588.70
590.10
591.51
592.92
594.30
595.68
597.05
598.37
599.70
601.03
602.34
603.63
604.89
606.15
607.37
608.62
609.86
611.07
612.28
613.48
614.68
615.85
617.05
618.19
619.32
620.46
621.58
622.68
623.81
624.93
626.02
627.12
628.20
629.27
630.34
631.40
632.47
633.54
634.56
635.63
636.67
637.69
638.71
639.74
640.78
641.81
642.81
643.81
644.79
645.78
646.76
647.73
648.72
649.68
650.65
651.60
652.55
653.49
654.44
655.36
656.28
657.21
658.10
659.01
659.89
660.76
661.64
662.51
663.37
664.20
665.05
665.87
666.68
667.50
668.30
669.08
669.86
670.63
671.40
672.17
672.90
673.65
674.37
675.10
675.80
676.48
677.15
677.81
678.46
679.10
679.72
680.34
680.95
681.53
682.12
682.70
683.26
683.80
684.34
684.86
685.37
685.85
686.36
686.82
687.28
687.71
688.15
688.56
688.99
689.38
689.75
690.11
690.45
690.78
691.11
691.44
691.76
692.08
692.37
692.64
692.91
693.19
693.42
693.64
693.88
694.12
694.32
694.53
694.74
694.96
695.16
695.37
695.59
695.78
695.96
696.15
696.32
696.50
696.66
696.85
697.00
697.16
697.34
697.49
697.65
697.80
697.96
698.11
698.27
698.43
698.60
698.76
698.92
699.07
699.19
699.33
699.46
699.61
699.76
699.88
700.00
700.11
700.22
700.33
700.44
700.54
700.60
700.67
700.74
700.78
700.81
700.84
700.86
700.88
700.87
700.88
700.84
700.81
700.76
700.70
700.62
700.52
700.42
700.34
700.24
700.11
699.97
699.79
699.62
699.45
699.24
699.01
698.80
698.57
698.32
698.05
697.79
697.52
697.23
696.93
696.63
696.30
695.97
695.62
695.27
694.89
694.53
694.13
693.74
693.34
692.94
692.53
692.10
691.67
691.22
690.78
690.31
689.84
689.37
688.87
688.39
687.89
687.35
686.81
686.28
685.75
685.21
684.63
684.06
683.44
682.86
682.28
681.67
681.06
680.41
679.77
679.11
678.46
677.80
677.12
676.43
675.72
675.00
674.28
673.55
672.80
672.04
671.29
670.52
669.73
668.95
668.16
667.37
666.56
665.76
664.93
664.09
663.25
662.43
661.59
660.72
659.87
659.03
658.18
657.34
656.47
655.60
654.73
653.84
652.98
652.10
651.22
650.33
649.45
648.60
647.71
646.80
645.90
645.00
644.10
643.19
642.29
641.36
640.45
639.55
638.63
637.70
636.78
635.87
634.93
633.97
633.03
632.07
631.10
630.13
629.16
628.19
627.19
626.18
625.17
624.15
623.11
622.06
621.01
619.92
618.85
617.76
616.67
615.58
614.44
613.31
612.17
611.02
609.86
608.67
607.49
606.30
605.10
603.86
602.64
601.40
600.16
598.91
597.65
596.35
595.07
593.78
592.48
591.18
589.84
588.51
587.17
585.83
584.48
583.13
581.79
580.45
579.08
577.72
576.37
574.99
573.61
572.24
570.86
569.46
568.08
566.70
565.30
563.92
562.55
561.16
559.74
558.37
556.99
555.60
554.23
552.88
551.51
550.16
548.81
547.46
546.12
544.77
543.43
542.12
540.80
539.48
538.20
536.91
535.64
534.36
533.08
531.81
530.56
529.31
528.07
526.84
525.58
524.38
523.12
521.91
520.67
519.43
518.22
517.00
515.80
514.57
513.36
512.14
510.90
509.67
508.43
507.21
505.96
504.70
503.44
502.18
500.89
499.59
498.30
497.00
495.67
494.33
493.00
491.64
490.25
488.88
487.48
486.07
484.65
483.22
481.78
480.33
478.87
477.39
475.91
474.42
472.90
471.37
469.85
468.31
466.79
465.25
463.70
462.15
460.57
459.01
457.45
455.89
454.33
452.75
451.20
449.63
448.04
446.45
444.87
443.27
441.71
440.14
438.54
436.97
435.39
433.81
432.23
430.66
429.08
427.50
425.92
424.33
422.72
421.13
419.54
417.93
416.33
414.72
413.11
411.50
409.88
408.24
406.59
404.94
403.30
401.62
399.94
398.25
396.56
394.86
393.13
391.42
389.70
387.96
386.20
384.44
382.66
380.88
379.08
377.31
375.50
373.69
371.86
370.06
368.25
366.43
364.63
362.79
360.93
359.06
357.19
355.36
353.52
351.65
349.83
347.97
346.13
344.31
342.50
340.67
338.84
337.04
335.25
333.44
331.67
329.89
328.13
326.37
324.63
322.87
321.14
319.41
317.70
316.00
314.31
312.64
311.00
309.37
307.73
306.10
304.51
302.90
301.33
299.71
298.17
296.63
295.09
293.57
292.05
290.53
289.04
287.57
286.09
284.64
283.18
281.72
280.26
278.81
277.38
275.94
274.51
273.08
271.67
270.24
268.83
267.41
265.98
264.56
263.16
261.75
260.34
258.92
257.50
256.09
254.67
253.24
251.83
250.40
249.00
247.59
246.18
244.78
243.37
241.95
240.54
239.15
237.74
236.35
234.96
233.57
232.20
230.83
229.46
228.08
226.72
225.36
224.01
222.67
221.35
220.05
218.74
217.43
216.13
214.84
213.57
212.28
211.02
209.79
208.54
207.32
206.10
204.87
203.64
202.44
201.23
200.04
198.85
197.66
196.49
195.31
194.15
192.97
191.81
190.67
189.50
188.35
187.21
186.05
184.89
183.74
182.59
181.41
180.26
179.10
177.96
176.81
175.66
174.50
173.35
172.21
171.03
169.88
168.69
167.52
166.34
165.18
164.02
162.86
161.70
160.54
159.35
158.20
157.05
155.90
154.74
153.55
152.38
151.20
150.05
148.92
147.77
146.62
145.48
144.33
143.20
142.05
140.94
139.81
138.68
137.55
136.43
135.32
134.20
133.09
131.99
130.89
129.81
128.73
127.65
126.56
125.50
124.43
123.39
122.32
121.27
120.23
119.19
118.16
117.12
116.11
115.13
114.11
113.13
112.14
111.17
110.20
109.23
108.28
107.33
106.39
105.45
104.51
103.56
102.64
101.73
100.82
99.93
99.04
98.19
97.29
96.44
95.60
94.76
93.91
93.08
92.26
91.45
90.66
89.86
89.05
88.27
87.48
86.73
85.96
85.20
84.46
83.73
83.01
82.28
81.55
80.85
80.15
79.47
78.82
78.16
77.51
76.88
76.26
75.62
75.01
74.42
73.84
73.29
72.74
72.24
71.72
71.21
70.71
70.24
69.75
69.31
68.89
68.49
68.10
67.72
67.34
67.01
66.67
66.35
66.06
65.76
65.50
65.27
65.05
64.84
64.66
64.48
64.31
64.17
64.02
63.90
63.77
63.65
63.56
63.47
63.41
63.35
63.29
63.26
63.24
63.21
63.20
63.18
63.17
63.16
63.17
63.16
63.17
63.18
63.19
63.19
63.21
63.22
63.23
63.24
63.25
63.24
63.24
63.25
63.25
63.24
63.26
63.24
63.24
63.24
63.24
63.25
63.25
63.23
63.23
63.22
63.23
63.22
63.22
63.23
63.21
63.21
63.21
63.21
63.20
63.21
63.25
63.26
63.27
63.30
63.32
63.36
63.40
63.42
63.46
63.50
63.54
63.57
63.62
63.67
63.72
63.78
63.85
63.91
63.98
64.06
64.12
64.20
64.24
64.32
64.42
64.49
64.61
64.69
64.78
64.88
64.98
65.09
65.20
65.30
65.41
65.53
65.63
65.76
65.87
66.01
66.11
66.24
66.36
66.50
66.66
66.81
66.97
67.14
67.34
67.51
67.71
67.92
68.14
68.38
68.60
68.84
69.11
69.37
69.69
69.99
70.31
70.63
70.97
71.31
71.70
72.09
72.50
72.92
73.37
73.84
74.34
74.84
75.35
75.90
76.45
77.04
77.63
78.26
78.91
79.58
80.22
80.92
81.64
82.38
83.15
83.94
84.74
85.58
86.43
87.30
88.17
89.05
89.95
90.87
91.81
92.76
93.71
94.70
95.71
96.73
97.77
98.83
99.91
100.98
102.08
103.16
104.27
105.39
106.50
107.65
108.83
109.98
111.18
112.35
113.53
114.74
115.95
117.17
118.41
119.64
120.90
122.16
123.43
124.71
125.99
127.27
128.58
129.88
131.19
132.51
133.83
135.15
136.50
137.84
139.17
140.52
141.88
143.25
144.62
145.98
147.38
148.78
150.18
151.57
152.96
154.39
155.80
157.20
158.63
160.04
161.47
162.87
164.29
165.73
167.15
168.57
169.99
171.41
172.83
174.25
175.69
177.12
178.58
180.01
181.46
182.89
184.31
185.75
187.17
188.60
190.03
191.48
192.94
194.41
195.84
197.27
198.72
200.17
201.63
203.10
204.56
206.04
207.49
208.99
210.49
211.98
213.49
215.02
216.51
218.02
219.55
221.12
222.66
224.21
225.78
227.34
228.90
230.47
232.05
233.62
235.22
236.82
238.43
240.03
241.65
243.29
244.90
246.52
248.14
249.77
251.39
253.02
254.66
256.30
257.97
259.62
261.27
262.91
264.57
266.24
267.88
269.52
271.19
272.84
274.52
276.18
277.84
279.53
281.22
282.90
284.59
286.30
288.00
289.72
291.45
293.18
294.92
296.65
298.41
300.18
301.98
303.79
305.63
307.47
309.31
311.17
313.05
314.98
316.90
318.86
320.81
322.78
324.77
326.78
328.82
330.87
332.95
335.04
337.16
339.30
341.45
343.60
345.80
348.01
350.23
352.48
354.74
357.02
359.32
361.64
363.97
366.28
368.62
370.97
373.34
375.71
378.12
380.50
382.92
385.32
387.74
390.16
392.60
395.02
397.46
399.90
402.34
404.77
407.21
409.66
412.13
414.57
417.00
419.44
421.89
424.33
426.78
429.21
431.65
434.09
436.52
438.96
441.41
443.86
446.32
448.76
451.22
453.67
456.14
458.60
461.03
463.50
465.94
468.38
470.84
473.29
475.75
478.21
480.67
483.12
485.58
488.03
490.48
492.94
495.40
497.89
500.36
502.81
505.27
507.72
510.18
512.66
515.12
517.58
520.05
522.48
524.93
527.37
529.83
532.28
534.74
537.18
539.60
542.01
544.46
546.89
549.30
551.71
554.12
556.53
558.92
561.32
563.70
566.08
568.45
570.84
573.20
575.59
577.95
580.29
582.64
585.01
587.37
589.71
592.05
594.38
596.71
599.03
601.39
603.73
606.07
608.42
610.77
613.10
615.45
617.75
620.09
622.41
624.73
627.06
629.39
631.71
634.04
636.37
638.69
641.02
643.34
645.68
648.00
650.31
652.64
654.95
657.27
659.57
661.89
664.21
666.53
668.86
671.15
673.44
675.74
678.05
680.35
682.68
685.02
687.30
689.61
691.91
694.22
696.51
698.80
701.09
703.39
705.69
708.00
710.33
712.65
714.95
717.24
719.54
721.85
724.18
726.51
728.85
731.18
733.50
735.88
738.20
740.55
742.88
745.26
747.62
750.01
752.41
754.79
757.19
759.61
762.00
764.40
766.83
769.25
771.66
774.09
776.56
778.99
781.43
783.93
786.40
788.90
791.41
793.91
796.43
798.93
801.45
803.97
806.50
809.05
811.60
814.17
816.71
819.31
821.93
824.51
827.13
829.75
832.36
835.00
837.64
840.30
842.97
845.68
848.38
851.07
853.77
856.46
859.17
861.87
864.59
867.35
870.10
872.86
875.62
878.37
881.14
883.93
886.70
889.49
892.29
895.08
897.86
900.66
903.46
906.27
909.07
911.89
914.67
917.47
920.27
923.08
925.87
928.67
931.45
934.26
937.04
939.81
942.58
945.32
948.09
950.83
953.58
956.33
959.05
961.74
964.45
967.14
969.81
972.49
975.15
977.82
980.45
983.07
985.67
988.28
990.89
993.48
996.05
998.64
1001.19
1003.74
1006.29
1008.82
1011.33
1013.85
1016.35
1018.81
1021.30
1023.76
1026.21
1028.65
1031.10
1033.52
1035.91
1038.34
1040.73
1043.13
1045.50
1047.86
1050.21
1052.56
1054.91
1057.25
1059.57
1061.90
1064.22
1066.52
1068.79
1071.10
1073.40
1075.67
1077.93
1080.20
1082.45
1084.69
1086.92
1089.14
1091.35
1093.56
1095.76
1097.96
1100.16
1102.36
1104.53
1106.69
1108.85
1110.98
1113.11
1115.24
1117.33
1119.46
1121.56
1123.67
1125.75
1127.81
1129.86
1131.89
1133.92
1135.94
1137.95
1139.98
1142.00
1143.98
1145.96
1147.94
1149.90
1151.84
1153.79
1155.73
1157.65
1159.56
1161.47
1163.36
1165.25
1167.15
1169.02
1170.89
1172.78
1174.66
1176.52
1178.39
1180.25
1182.12
1183.98
1185.83
1187.69
1189.55
1191.40
1193.27
1195.12
1196.98
1198.85
1200.70
1202.52
1204.38
1206.26
1208.14
1210.02
1211.90
1213.78
1215.68
1217.53
1219.39
1221.25
1223.12
1224.99
1226.86
1228.73
1230.59
1232.45
1234.29
1236.17
1238.03
1239.88
1241.73
1243.53
1245.35
1247.15
1248.97
1250.77
1252.54
1254.32
1256.08
1257.82
1259.55
1261.25
1262.95
1264.64
1266.31
1267.98
1269.62
1271.23
1272.83
1274.40
1275.97
1277.54
1279.09
1280.62
1282.14
1283.62
1285.08
1286.52
1287.97
1289.38
1290.80
1292.19
1293.54
1294.92
1296.27
1297.61
1298.94
1300.27
1301.57
1302.85
1304.13
1305.41
1306.67
1307.94
1309.17
1310.42
1311.66
1312.90
1314.15
1315.38
1316.61
1317.82
1319.03
1320.26
1321.50
1322.73
1323.97
1325.21
1326.45
1327.71
1328.95
1330.19
1331.42
1332.66
1333.94
1335.20
1336.47
1337.75
1339.03
1340.32
1341.62
1342.92
1344.24
1345.56
1346.87
1348.18
1349.49
1350.82
1352.14
1353.48
1354.81
1356.15
1357.51
1358.86
1360.22
1361.56
1362.88
1364.21
1365.56
1366.89
1368.19
1369.52
1370.83
1372.15
1373.45
1374.74
1376.01
1377.26
1378.51
1379.74
1380.97
1382.18
1383.38
1384.58
1385.73
1386.87
1387.99
1389.11
1390.18
1391.27
1392.32
1393.34
1394.35
1395.35
1396.31
1397.25
1398.17
1399.07
1399.95
1400.79
1401.61
1402.44
1403.22
1403.99
1404.76
1405.50
1406.22
1406.91
1407.58
1408.27
1408.95
1409.59
1410.24
1410.86
1411.50
1412.09
1412.69
1413.28
1413.88
1414.48
1415.09
1415.67
1416.25
1416.84
1417.42
1418.04
1418.65
1419.26
1419.85
1420.47
1421.08
1421.70
1422.36
1423.03
1423.71
1424.38
1425.07
1425.76
1426.47
1427.17
1427.90
1428.66
1429.39
1430.15
1430.90
1431.68
1432.45
1433.23
1434.02
1434.81
1435.60
1436.41
1437.23
1438.02
1438.82
1439.63
1440.43
1441.23
1442.04
1442.81
1443.60
1444.37
1445.13
1445.89
1446.60
1447.34
1448.03
1448.71
1449.37
1450.02
1450.66
1451.26
1451.85
1452.43
1452.98
1453.52
1454.01
1454.49
1454.94
1455.35
1455.76
1456.15
1456.51
1456.85
1457.16
1457.43
1457.66
1457.89
1458.05
1458.21
1458.34
1458.45
1458.54
1458.63
1458.69
1458.72
1458.73
1458.70
1458.65
1458.60
1458.50
1458.40
1458.27
1458.12
1457.98
1457.81
1457.62
1457.44
1457.24
1457.03
1456.79
1456.56
1456.32
1456.06
1455.81
1455.56
1455.31
1455.07
1454.80
1454.54
1454.27
1454.00
1453.74
1453.47
1453.19
1452.93
1452.67
1452.40
1452.14
1451.87
1451.61
1451.34
1451.09
1450.82
1450.54
1450.29
1450.01
1449.74
1449.47
1449.22
1448.94
1448.65
1448.39
1448.11
1447.80
1447.50
1447.20
1446.88
1446.57
1446.24
1445.91
1445.57
1445.22
1444.86
1444.48
1444.11
1443.73
1443.34
1442.95
1442.55
1442.10
1441.67
1441.23
1440.78
1440.32
1439.86
1439.42
1438.95
1438.45
1437.97
1437.47
1436.95
1436.47
1435.94
1435.44
1434.91
1434.39
1433.86
1433.33
1432.81
1432.28
1431.77
1431.24
1430.70
1430.16
1429.59
1429.03
1428.47
1427.93
1427.36
1426.82
1426.24
1425.65
1425.08
1424.48
1423.90
1423.29
1422.69
1422.08
1421.45
1420.84
1420.21
1419.55
1418.88
1418.22
1417.52
1416.81
1416.11
1415.38
1414.64
1413.89
1413.16
1412.37
1411.59
1410.80
1409.99
1409.16
1408.32
1407.46
1406.59
1405.71
1404.81
1403.88
1402.94
1401.98
1401.02
1400.05
1399.06
1398.07
1397.06
1396.03
1394.98
1393.91
1392.83
1391.75
1390.65
1389.56
1388.48
1387.35
1386.24
1385.11
1383.97
1382.84
1381.70
1380.51
1379.35
1378.15
1376.98
1375.82
1374.65
1373.47
1372.30
1371.11
1369.91
1368.71
1367.50
1366.32
1365.12
1363.91
1362.69
1361.48
1360.27
1359.06
1357.85
1356.64
1355.43
1354.21
1353.00
1351.76
1350.54
1349.32
1348.09
1346.85
1345.61
1344.38
1343.14
1341.89
1340.63
1339.37
1338.10
1336.81
1335.52
1334.23
1332.91
1331.61
1330.29
1328.95
1327.63
1326.28
1324.90
1323.53
1322.16
1320.76
1319.36
1317.94
1316.52
1315.08
1313.64
1312.19
1310.71
1309.23
1307.74
1306.26
1304.72
1303.22
1301.70
1300.16
1298.61
1297.06
1295.50
1293.93
1292.38
1290.82
1289.27
1287.71
1286.16
1284.61
1283.05
1281.53
1279.98
1278.44
1276.89
1275.37
1273.83
1272.31
1270.79
1269.28
1267.77
1266.28
1264.80
1263.29
1261.83
1260.36
1258.90
1257.45
1256.01
1254.60
1253.18
1251.76
1250.34
1248.93
1247.51
1246.11
1244.73
1243.35
1241.97
1240.58
1239.21
1237.82
1236.41
1235.03
1233.62
1232.24
1230.85
1229.43
1228.05
1226.66
1225.24
1223.82
1222.41
1221.01
1219.60
1218.16
1216.72
1215.28
1213.84
1212.41
1210.95
1209.51
1208.05
1206.58
1205.11
1203.66
1202.20
1200.74
1199.26
1197.80
1196.29
1194.84
1193.37
1191.90
1190.44
1188.98
1187.53
1186.09
1184.65
1183.22
1181.79
1180.37
1178.95
1177.54
1176.14
1174.73
1173.34
1171.94
1170.55
1169.20
1167.85
1166.49
1165.13
1163.79
1162.46
1161.13
1159.81
1158.50
1157.20
1155.88
1154.56
1153.25
1151.95
1150.66
1149.35
1148.05
1146.74
1145.44
1144.12
1142.81
1141.50
1140.19
1138.89
1137.58
1136.26
1134.94
1133.62
1132.29
1130.94
1129.60
1128.26
1126.92
1125.59
1124.25
1122.89
1121.55
1120.19
1118.84
1117.47
1116.09
1114.71
1113.33
1111.96
1110.59
1109.18
1107.80
1106.41
1105.01
1103.63
1102.24
1100.85
1099.45
1098.05
1096.67
1095.26
1093.83
1092.42
1091.03
1089.62
1088.20
1086.79
1085.39
1083.96
1082.52
1081.09
1079.64
1078.20
1076.73
1075.28
1073.82
1072.33
1070.84
1069.33
1067.83
1066.32
1064.83
1063.30
1061.78
1060.24
1058.70
1057.15
1055.57
1053.98
1052.38
1050.79
1049.17
1047.53
1045.92
1044.29
1042.65
1041.00
1039.35
1037.70
1036.06
1034.41
1032.74
1031.08
1029.40
1027.71
1026.04
1024.35
1022.67
1020.99
1019.34
1017.65
1015.99
1014.31
1012.64
1011.00
1009.33
1007.68
1006.05
1004.40
1002.77
1001.12
999.48
997.86
996.26
994.66
993.05
991.44
989.84
988.25
986.69
985.11
983.56
981.97
980.43
978.87
977.33
975.78
974.26
972.71
971.16
969.64
968.11
966.60
965.08
963.56
962.02
960.51
958.99
957.48
955.98
954.48
952.97
951.47
949.97
948.50
947.04
945.55
944.07
942.58
941.13
939.66
938.20
936.75
935.30
933.87
932.45
931.02
929.62
928.22
926.84
925.46
924.07
922.71
921.35
919.98
918.64
917.31
915.98
914.65
913.36
912.04
910.74
909.44
908.17
906.90
905.65
904.39
903.14
901.91
900.67
899.43
898.23
897.02
895.82
894.62
893.43
892.26
891.08
889.91
888.73
887.58
886.43
885.30
884.16
883.03
881.89
880.76
879.64
878.54
877.44
876.35
875.28
874.22
873.15
872.08
871.01
869.96
868.89
867.85
866.84
865.84
864.82
863.85
862.86
861.87
860.89
859.90
858.96
858.03
857.11
856.20
855.28
854.37
853.48
852.58
851.69
850.80
849.94
849.09
848.24
847.41
846.60
845.78
844.97
844.16
843.36
842.54
841.75
840.98
840.19
839.41
838.65
837.90
837.15
836.42
835.69
834.98
834.25
833.53
832.83
832.12
831.43
830.74
830.05
829.37
828.70
828.05
827.39
826.76
826.13
825.51
824.89
824.28
823.67
823.08
822.51
821.92
821.37
820.83
820.29
819.75
819.23
818.71
818.21
817.71
817.24
816.78
816.32
815.87
815.44
815.03
814.64
814.26
813.88
813.52
813.18
812.84
812.51
812.19
811.90
811.61
811.32
811.05
810.80
810.56
810.32
810.10
809.87
809.67
809.50
809.30
809.13
808.96
808.81
808.68
808.55
808.42
808.32
808.22
808.13
808.04
807.96
807.91
807.87
807.82
807.80
807.76
807.77
807.77
807.78
807.78
807.84
807.88
807.92
807.97
808.01
808.10
808.17
808.26
808.35
808.44
808.57
808.69
808.83
808.98
809.15
809.31
809.52
809.70
809.90
810.11
810.31
810.51
810.72
810.96
811.19
811.42
811.69
811.95
812.20
812.45
812.72
812.97
813.22
813.48
813.76
814.03
814.32
814.61
814.86
815.14
815.39
815.64
815.87
816.12
816.35
816.59
816.82
817.02
817.23
817.44
817.63
817.82
818.01
818.20
818.40
818.58
818.75
818.87
819.02
819.18
819.32
819.45
819.57
819.72
819.86
819.99
820.13
820.29
820.42
820.56
820.71
820.84
821.00
821.16
821.35
821.53
821.70
821.91
822.13
822.36
822.62
822.89
823.15
823.45
823.76
824.06
824.39
824.73
825.09
825.49
825.90
826.32
826.77
827.24
827.72
828.22
828.75
829.31
829.87
830.43
831.05
831.69
832.32
832.97
833.66
834.36
835.07
835.79
836.54
837.30
838.07
838.85
839.66
840.48
841.30
842.14
843.02
843.89
844.77
845.66
846.59
847.52
848.47
849.42
850.39
851.37
852.36
853.37
854.38
855.38
856.40
857.43
858.49
859.54
860.59
861.64
862.72
863.80
864.88
865.97
867.08
868.18
869.28
870.40
871.51
872.65
873.80
874.90
876.05
877.20
878.37
879.54
880.73
881.92
883.10
884.29
885.47
886.67
887.86
889.08
890.30
891.50
892.72
893.94
895.17
896.41
897.65
898.89
900.17
901.43
902.72
903.99
905.27
906.55
907.84
909.14
910.47
911.77
913.08
914.40
915.73
917.06
918.40
919.75
921.08
922.43
923.79
925.13
926.49
927.88
929.27
930.68
932.09
933.51
934.91
936.36
937.79
939.22
940.68
942.11
943.55
945.03
946.51
947.98
949.46
950.95
952.47
954.02
955.57
957.13
958.68
960.24
961.83
963.42
965.02
966.64
968.27
969.90
971.54
973.21
974.90
976.60
978.31
980.02
981.76
983.48
985.21
986.99
988.75
990.53
992.32
994.13
995.96
997.79
999.63
1001.48
1003.35
1005.25
1007.14
1009.03
1010.92
1012.83
1014.76
1016.68
1018.61
1020.55
1022.50
1024.46
1026.39
1028.34
1030.32
1032.28
1034.26
1036.25
1038.22
1040.20
1042.19
1044.18
1046.19
1048.21
1050.21
1052.21
1054.22
1056.24
1058.26
1060.31
1062.34
1064.38
1066.41
1068.46
1070.49
1072.53
1074.58
1076.64
1078.67
1080.71
1082.77
1084.81
1086.87
1088.95
1091.05
1093.15
1095.25
1097.33
1099.44
1101.54
1103.66
1105.77
1107.89
1110.01
1112.16
1114.31
1116.49
1118.65
1120.80
1122.99
1125.18
1127.36
1129.57
1131.77
1133.98
1136.20
1138.41
1140.64
1142.89
1145.16
1147.41
1149.68
1151.95
1154.21
1156.47
1158.77
1161.07
1163.35
1165.64
1167.93
1170.21
1172.48
1174.76
1177.06
1179.34
1181.63
1183.92
1186.23
1188.52
1190.81
1193.08
1195.34
1197.62
1199.90
1202.18
1204.45
1206.72
1208.98
1211.24
1213.50
1215.76
1218.01
1220.26
1222.51
1224.76
1226.98
1229.22
1231.46
1233.69
1235.93
1238.17
1240.42
1242.70
1244.96
1247.24
1249.51
1251.76
1254.04
1256.33
1258.61
1260.92
1263.23
1265.52
1267.84
1270.16
1272.47
1274.83
1277.18
1279.55
1281.91
1284.28
1286.66
1289.07
1291.49
1293.88
1296.30
1298.74
1301.19
1303.64
1306.11
1308.58
1311.06
1313.52
1316.02
1318.50
1320.98
1323.47
1325.96
1328.46
1330.97
1333.50
1336.02
1338.53
1341.06
1343.59
1346.13
1348.65
1351.18
1353.72
1356.26
1358.79
1361.33
1363.87
1366.41
1368.95
1371.48
1374.02
1376.56
1379.11
1381.65
1384.19
1386.72
1389.23
1391.78
1394.29
1396.83
1399.39
1401.91
1404.42
1406.95
1409.48
1412.00
1414.54
1417.07
1419.60
1422.13
1424.64
1427.16
1429.67
1432.22
1434.75
1437.29
1439.84
1442.37
1444.89
1447.41
1449.94
1452.49
1455.02
1457.57
1460.12
1462.69
1465.25
1467.82
1470.40
1472.97
1475.57
1478.15
1480.76
1483.37
1485.99
1488.61
1491.24
1493.87
1496.50
1499.16
1501.82
1504.48
1507.12
1509.79
1512.47
1515.18
1517.89
1520.61
1523.35
1526.07
1528.78
1531.50
1534.23
1536.96
1539.70
1542.43
1545.18
1547.92
1550.64
1553.37
1556.07
1558.80
1561.49
1564.19
1566.88
1569.60
1572.28
1574.95
1577.63
1580.28
1582.97
1585.60
1588.25
1590.88
1593.50
1596.11
1598.68
1601.25
1603.81
1606.35
1608.90
1611.41
1613.90
1616.39
1618.89
1621.33
1623.77
1626.19
1628.60
1631.02
1633.42
1635.82
1638.20
1640.56
1642.94
1645.28
1647.62
1649.95
1652.28
1654.62
1656.94
1659.25
1661.53
1663.82
1666.09
1668.38
1670.65
1672.92
1675.16
1677.45
1679.71
1681.97
1684.20
1686.48
1688.73
1690.99
1693.25
1695.54
1697.80
1700.08
1702.36
1704.66
1706.95
1709.25
1711.53
1713.81
1716.12
1718.45
1720.75
1723.07
1725.40
1727.74
1730.07
1732.44
1734.81
1737.18
1739.53
1741.91
1744.30
1746.70
1749.12
1751.52
1753.91
1756.31
1758.76
1761.20
1763.64
1766.09
1768.54
1771.02
1773.47
1775.92
1778.40
1780.89
1783.37
1785.84
1788.32
1790.79
1793.28
1795.76
1798.25
1800.74
1803.23
1805.72
1808.20
1810.68
1813.15
1815.63
1818.10
1820.57
1823.02
1825.49
1827.94
1830.41
1832.84
1835.29
1837.71
1840.12
1842.54
1844.94
1847.33
1849.72
1852.09
1854.47
1856.84
1859.19
1861.51
1863.84
1866.18
1868.49
1870.77
1873.03
1875.30
1877.57
1879.81
1882.03
1884.23
1886.43
1888.61
1890.79
1892.96
1895.13
1897.29
1899.42
1901.56
1903.67
1905.78
1907.90
1909.97
1912.06
1914.14
1916.23
1918.28
1920.34
1922.38
1924.43
1926.45
1928.49
1930.53
1932.56
1934.60
1936.60
1938.63
1940.63
1942.62
1944.65
1946.65
1948.68
1950.71
1952.71
1954.71
1956.71
1958.73
1960.76
1962.75
1964.74
1966.76
1968.75
1970.75
1972.74
1974.71
1976.68
1978.65
1980.61
1982.54
1984.48
1986.39
1988.32
1990.23
1992.13
1993.99
1995.88
1997.73
1999.56
2001.38
2003.20
2005.00
2006.79
2008.54
2010.29
2012.00
2013.71
2015.37
2017.04
2018.65
2020.28
2021.88
2023.44
2025.00
2026.52
2028.03
2029.53
2031.00
2032.47
2033.92
2035.38
2036.80
2038.21
2039.60
2041.00
2042.38
2043.74
2045.10
2046.46
2047.80
2049.13
2050.47
2051.82
2053.14
2054.48
2055.80
2057.10
2058.44
2059.77
2061.11
2062.42
2063.74
2065.06
2066.41
2067.73
2069.06
2070.38
2071.72
2073.06
2074.40
2075.76
2077.11
2078.47
2079.84
2081.19
2082.56
2083.89
2085.26
2086.60
2087.95
2089.29
2090.61
2091.94
2093.26
2094.59
2095.91
2097.22
2098.51
2099.76
2101.03
2102.29
2103.52
2104.76
2106.00
2107.23
2108.43
2109.63
2110.82
2111.99
2113.13
2114.28
2115.44
2116.57
2117.70
2118.79
2119.88
2120.97
2122.06
2123.13
2124.17
2125.21
2126.22
2127.25
2128.27
2129.28
2130.28
2131.29
2132.29
2133.29
2134.30
2135.28
2136.28
2137.26
2138.24
2139.26
2140.24
2141.23
2142.24
2143.24
2144.23
2145.23
2146.25
2147.24
2148.24
2149.24
2150.23
2151.23
2152.27
2153.30
2154.33
2155.37
2156.39
2157.42
2158.44
2159.46
2160.50
2161.54
2162.59
2163.64
2164.67
2165.71
2166.74
2167.77
2168.80
2169.80
2170.83
2171.85
2172.88
2173.90
2174.91
2175.93
2176.91
2177.92
2178.92
2179.90
2180.85
2181.81
2182.76
2183.70
2184.63
2185.55
2186.45
2187.33
2188.19
2189.05
2189.90
2190.73
2191.55
2192.39
2193.19
2193.99
2194.74
2195.49
2196.25
2196.97
2197.68
2198.40
2199.07
2199.74
2200.38
2201.02
2201.62
2202.22
2202.81
2203.37
2203.92
2204.46
2204.98
2205.48
2205.95
2206.40
2206.85
2207.30
2207.71
2208.10
2208.47
2208.83
2209.19
2209.51
2209.82
2210.13
2210.41
2210.68
2210.93
2211.16
2211.38
2211.60
2211.81
2211.99
2212.14
2212.28
2212.39
2212.52
2212.61
2212.67
2212.74
2212.80
2212.86
2212.86
2212.88
2212.87
2212.85
2212.84
2212.81
2212.75
2212.68
2212.60
2212.51
2212.39
2212.28
2212.15
2212.01
2211.87
2211.71
2211.52
2211.30
2211.09
2210.84
2210.59
2210.35
2210.08
2209.78
2209.48
2209.19
2208.89
2208.57
2208.24
2207.90
2207.53
2207.18
2206.81
2206.44
2206.07
2205.67
2205.26
2204.83
2204.41
2203.99
2203.53
2203.07
2202.62
2202.18
2201.72
2201.25
2200.80
2200.29
2199.81
2199.31
2198.82
2198.35
2197.87
2197.39
2196.86
2196.39
2195.90
2195.39
2194.89
2194.39
2193.88
2193.38
2192.90
2192.39
2191.89
2191.39
2190.88
2190.38
2189.87
2189.36
2188.86
2188.35
2187.83
2187.33
2186.82
2186.34
2185.84
2185.33
2184.82
2184.30
2183.78
2183.27
2182.74
2182.22
2181.69
2181.17
2180.64
2180.10
2179.57
2179.03
2178.49
2177.95
2177.40
2176.85
2176.31
2175.74
2175.20
2174.63
2174.06
2173.50
2172.93
2172.36
2171.80
2171.23
2170.68
2170.10
2169.53
2168.99
2168.43
2167.86
2167.31
2166.74
2166.17
2165.60
2165.04
2164.50
2163.93
2163.37
2162.79
2162.23
2161.67
2161.10
2160.52
2159.95
2159.38
2158.77
2158.19
2157.60
2157.00
2156.40
2155.77
2155.15
2154.52
2153.86
2153.21
2152.53
2151.84
2151.12
2150.40
2149.65
2148.90
2148.12
2147.32
2146.50
2145.67
2144.84
2143.98
2143.11
2142.19
2141.28
2140.32
2139.35
2138.38
2137.37
2136.34
2135.29
2134.23
2133.15
2132.06
2130.91
2129.78
2128.62
2127.45
2126.27
2125.06
2123.85
2122.60
2121.40
2120.15
2118.89
2117.64
2116.38
2115.07
2113.79
2112.51
2111.20
2109.86
2108.53
2107.21
2105.89
2104.55
2103.23
2101.89
2100.58
2099.25
2097.91
2096.58
2095.25
2093.91
2092.58
2091.23
2089.92
2088.59
2087.25
2085.93
2084.61
2083.32
2082.00
2080.72
2079.45
2078.18
2076.89
2075.60
2074.32
2073.06
2071.81
2070.54
2069.28
2068.06
2066.81
2065.59
2064.35
2063.12
2061.89
2060.69
2059.48
2058.27
2057.07
2055.86
2054.65
2053.44
2052.23
2051.03
2049.82
2048.62
2047.42
2046.19
2044.97
2043.79
2042.58
2041.35
2040.13
2038.90
2037.69
2036.47
2035.23
2033.95
2032.69
2031.42
2030.15
2028.88
2027.58
2026.26
2024.96
2023.63
2022.30
2020.97
2019.62
2018.27
2016.89
2015.50
2014.10
2012.67
2011.25
2009.82
2008.38
2006.94
2005.49
2004.03
2002.57
2001.10
1999.60
1998.14
1996.66
1995.17
1993.67
1992.15
1990.66
1989.17
1987.68
1986.19
1984.70
1983.20
1981.69
1980.19
1978.68
1977.18
1975.68
1974.21
1972.71
1971.21
1969.72
1968.23
1966.73
1965.25
1963.75
1962.26
1960.79
1959.30
1957.83
1956.36
1954.88
1953.40
1951.93
1950.45
1948.96
1947.45
1945.95
1944.45
1942.96
1941.44
1939.94
1938.45
1936.91
1935.40
1933.89
1932.37
1930.84
1929.29
1927.76
1926.24
1924.69
1923.15
1921.59
1920.04
1918.48
1916.91
1915.34
1913.74
1912.17
1910.59
1908.98
1907.39
1905.80
1904.20
1902.60
1901.01
1899.42
1897.81
1896.20
1894.59
1892.97
1891.33
1889.71
1888.08
1886.46
1884.84
1883.21
1881.59
1879.99
1878.37
1876.75
1875.12
1873.49
1871.87
1870.22
1868.61
1866.95
1865.31
1863.66
1862.02
1860.39
1858.74
1857.10
1855.46
1853.80
1852.14
1850.49
1848.86
1847.21
1845.58
1843.92
1842.28
1840.62
1838.98
1837.31
1835.65
1833.99
1832.31
1830.67
1829.01
1827.36
1825.70
1824.05
1822.39
1820.74
1819.09
1817.43
1815.76
1814.08
1812.43
1810.80
1809.16
1807.51
1805.86
1804.23
1802.59
1800.98
1799.34
1797.72
1796.10
1794.46
1792.84
1791.23
1789.60
1788.00
1786.36
1784.76
1783.15
1781.55
1779.96
1778.36
1776.76
1775.19
1773.59
1772.01
1770.45
1768.86
1767.29
1765.71
1764.14
1762.58
1761.05
1759.49
1757.95
1756.42
1754.89
1753.38
1751.86
1750.36
1748.86
1747.37
1745.87
1744.38
1742.92
1741.44
1739.98
1738.52
1737.07
1735.61
1734.17
1732.74
1731.32
1729.89
1728.49
1727.07
1725.68
1724.28
1722.89
1721.50
1720.12
1718.72
1717.32
1715.95
1714.57
1713.20
1711.84
1710.46
1709.09
1707.71
1706.31
1704.95
1703.57
1702.18
1700.80
1699.41
1698.01
1696.61
1695.21
1693.81
1692.41
1690.99
1689.58
1688.17
1686.74
1685.28
1683.83
1682.40
1680.98
1679.52
1678.09
1676.65
1675.22
1673.75
1672.31
1670.85
1669.39
1667.91
1666.46
1665.00
1663.54
1662.08
1660.65
1659.22
1657.76
1656.32
1654.89
1653.48
1652.06
1650.67
1649.25
1647.87
1646.48
1645.12
1643.78
1642.45
1641.11
1639.78
1638.49
1637.20
1635.93
1634.67
1633.41
1632.21
1631.00
1629.83
1628.68
1627.53
1626.41
1625.27
1624.17
1623.09
1622.02
1620.97
1619.94
1618.96
1617.99
1617.02
1616.09
1615.21
1614.30
1613.43
1612.55
1611.71
1610.88
1610.09
1609.30
1608.52
1607.78
1607.07
1606.36
1605.66
1604.94
1604.28
1603.61
1602.96
1602.34
1601.72
1601.10
1600.52
1599.95
1599.40
1598.86
1598.34
1597.82
1597.32
1596.80
1596.33
1595.85
1595.35
1594.88
1594.42
1593.95
1593.51
1593.05
1592.61
1592.18
1591.73
1591.30
1590.86
1590.44
1590.03
1589.59
1589.16
1588.76
1588.35
1587.93
1587.50
1587.07
1586.64
1586.22
1585.78
1585.35
1584.93
1584.51
1584.08
1583.68
1583.24
1582.83
1582.38
1581.94
1581.51
1581.06
1580.62
1580.18
1579.73
1579.29
1578.84
1578.40
1577.95
1577.49
1577.03
1576.60
1576.16
1575.71
1575.27
1574.83
1574.38
1573.96
1573.53
1573.13
1572.73
1572.30
1571.90
1571.51
1571.14
1570.76
1570.40
1570.04
1569.70
1569.37
1569.04
1568.73
1568.42
1568.12
1567.85
1567.60
1567.34
1567.11
1566.88
1566.71
1566.51
1566.34
1566.18
1566.05
1565.94
1565.83
1565.74
1565.67
1565.61
1565.55
1565.53
1565.49
1565.50
1565.50
1565.54
1565.57
1565.60
1565.66
1565.74
1565.80
1565.89
1565.99
1566.11
1566.24
1566.36
1566.50
1566.64
1566.79
1566.94
1567.11
1567.28
1567.43
1567.59
1567.74
1567.91
1568.06
1568.23
1568.40
1568.55
1568.74
1568.91
1569.07
1569.23
1569.41
1569.56
1569.69
1569.85
1570.02
1570.14
1570.25
1570.37
1570.50
1570.61
1570.72
1570.84
1570.92
1571.01
1571.09
1571.17
1571.22
1571.28
1571.35
1571.42
1571.48
1571.53
1571.58
1571.60
1571.65
1571.69
1571.74
1571.77
1571.80
1571.83
1571.85
1571.88
1571.91
1571.96
1572.01
1572.05
1572.14
1572.21
1572.29
1572.38
1572.46
1572.59
1572.71
1572.81
1572.95
1573.13
1573.31
1573.49
1573.68
1573.90
1574.13
1574.36
1574.61
1574.91
1575.23
1575.56
1575.93
1576.29
1576.70
1577.11
1577.56
1578.01
1578.49
1578.97
1579.51
1580.04
1580.63
1581.23
1581.85
1582.51
1583.16
1583.84
1584.53
1585.25
1586.00
1586.76
1587.55
1588.36
1589.17
1590.01
1590.86
1591.73
1592.59
1593.48
1594.40
1595.32
1596.25
1597.20
1598.15
1599.12
1600.10
1601.08
1602.09
1603.13
1604.15
1605.19
1606.23
1607.28
1608.34
1609.40
1610.49
1611.58
1612.66
1613.76
1614.86
1615.96
1617.06
1618.17
1619.27
1620.39
1621.50
1622.64
1623.76
1624.91
1626.06
1627.20
1628.35
1629.53
1630.70
1631.89
1633.05
1634.24
1635.43
1636.64
1637.86
1639.07
1640.29
1641.53
1642.76
1643.99
1645.25
1646.50
1647.77
1649.04
1650.35
1651.64
1652.92
1654.21
1655.52
1656.85
1658.18
1659.52
1660.86
1662.21
1663.56
1664.92
1666.28
1667.65
1669.03
1670.43
1671.82
1673.20
1674.61
1676.03
1677.46
1678.87
1680.31
1681.76
1683.19
1684.63
1686.08
1687.54
1688.98
1690.43
1691.90
1693.39
1694.87
1696.36
1697.83
1699.30
1700.81
1702.30
1703.81
1705.31
1706.82
1708.33
1709.87
1711.38
1712.91
1714.44
1715.98
1717.53
1719.08
1720.63
1722.20
1723.77
1725.34
1726.92
1728.50
1730.10
1731.71
1733.32
1734.92
1736.53
1738.17
1739.80
1741.44
1743.11
1744.78
1746.44
1748.11
1749.81
1751.49
1753.21
1754.91
1756.62
1758.35
1760.07
1761.78
1763.52
1765.28
1767.04
1768.81
1770.60
1772.41
1774.20
1776.02
1777.83
1779.66
1781.52
1783.35
1785.23
1787.12
1789.01
1790.92
1792.83
1794.75
1796.70
1798.68
1800.67
1802.66
1804.66
1806.67
1808.71
1810.76
1812.80
1814.88
1816.95
1819.05
1821.17
1823.32
1825.47
1827.64
1829.80
1831.96
1834.16
1836.36
1838.58
1840.83
1843.07
1845.34
1847.59
1849.87
1852.17
1854.47
1856.78
1859.08
1861.40
1863.71
1866.05
1868.38
1870.74
1873.09
1875.44
1877.78
1880.15
1882.51
1884.86
1887.21
1889.53
1891.87
1894.20
1896.54
1898.88
1901.19
1903.50
1905.82
1908.13
1910.43
1912.75
1915.05
1917.33
1919.62
1921.90
1924.18
1926.43
1928.71
1930.97
1933.23
1935.46
1937.70
1939.91
1942.15
1944.36
1946.59
1948.79
1950.98
1953.19
1955.38
1957.57
1959.75
1961.93
1964.12
1966.30
1968.47
1970.62
1972.79
1974.98
1977.12
1979.30
1981.47
1983.66
1985.84
1988.01
1990.19
1992.38
1994.57
1996.75
1998.95
2001.18
2003.38
2005.59
2007.82
2010.05
2012.30
2014.56
2016.83
2019.11
2021.41
2023.72
2026.04
2028.38
2030.74
2033.12
2035.49
2037.88
2040.28
2042.73
2045.16
2047.64
2050.11
2052.60
2055.12
2057.67
2060.22
2062.79
2065.37
2067.96
2070.55
2073.19
2075.83
2078.47
2081.13
2083.80
2086.46
2089.17
2091.86
2094.57
2097.29
2100.03
2102.74
2105.46
2108.20
2110.92
2113.65
2116.36
2119.09
2121.79
2124.50
2127.18
2129.86
2132.54
2135.21
2137.87
2140.53
2143.17
2145.79
2148.41
2150.98
2153.55
2156.11
2158.65
2161.20
2163.72
2166.21
2168.69
2171.17
2173.61
2176.07
2178.48
2180.88
2183.26
2185.63
2187.98
2190.34
2192.69
2195.02
2197.35
2199.68
2201.98
2204.29
2206.58
2208.88
2211.19
2213.47
2215.75
2218.04
2220.34
2222.65
2224.96
2227.27
2229.60
2231.93
2234.26
2236.62
2238.99
2241.35
2243.73
2246.15
2248.55
2250.99
2253.42
2255.88
2258.37
2260.87
2263.38
2265.91
2268.45
2271.01
2273.58
2276.15
2278.75
2281.37
2283.99
2286.62
2289.27
2291.93
2294.60
2297.29
2299.97
2302.67
2305.37
2308.11
2310.81
2313.53
2316.25
2318.97
2321.69
2324.40
2327.10
2329.79
2332.51
2335.20
2337.88
2340.59
2343.26
2345.93
2348.59
2351.25
2353.91
2356.57
2359.20
2361.80
2364.41
2367.01
2369.61
2372.18
2374.76
2377.33
2379.86
2382.40
2384.93
2387.47
2389.97
2392.46
2394.95
2397.47
2399.95
2402.43
2404.92
2407.40
2409.87
2412.33
2414.82
2417.28
2419.75
2422.22
2424.70
2427.15
2429.63
2432.10
2434.57
2437.05
2439.52
2441.99
2444.47
2446.93
2449.41
2451.90
2454.37
2456.88
2459.39
2461.90
2464.40
2466.91
2469.40
2471.90
2474.39
2476.87
2479.36
2481.84
2484.34
2486.81
2489.28
2491.76
2494.21
2496.67
2499.14
2501.61
2504.05
2506.50
2508.93
2511.36
2513.79
2516.19
2518.58
2520.97
2523.36
2525.73
2528.10
2530.45
2532.80
2535.16
2537.49
2539.81
2542.15
2544.45
2546.75
2549.03
2551.30
2553.57
2555.84
2558.11
2560.36
2562.62
2564.87
2567.09
2569.31
2571.53
2573.71
2575.91
2578.11
2580.29
2582.47
2584.63
2586.79
2588.96
2591.15
2593.29
2595.43
2597.57
2599.70
2601.84
2603.95
2606.07
2608.19
2610.30
2612.41
2614.53
2616.63
2618.75
2620.87
2622.98
2625.07
2627.16
2629.24
2631.32
2633.40
2635.50
2637.58
2639.67
2641.77
2643.85
2645.94
2648.02
2650.11
2652.18
2654.27
2656.34
2658.43
2660.52
2662.60
2664.67
2666.74
2668.83
2670.89
2672.96
2675.03
2677.12
2679.20
2681.26
2683.32
2685.35
2687.39
2689.43
2691.44
2693.47
2695.50
2697.49
2699.47
2701.46
2703.44
2705.39
2707.36
2709.30
2711.21
2713.11
2715.01
2716.88
2718.74
2720.61
2722.46
2724.30
2726.11
2727.94
2729.74
2731.52
2733.26
2735.01
2736.72
2738.45
2740.15
2741.86
2743.56
2745.21
2746.90
2748.58
2750.24
2751.89
2753.56
2755.21
2756.84
2758.47
2760.11
2761.75
2763.39
2765.02
2766.68
2768.31
2769.95
2771.60
2773.23
2774.89
2776.54
2778.20
2779.88
2781.57
2783.25
2784.93
2786.62
2788.33
2790.04
2791.76
2793.49
2795.23
2796.98
2798.73
2800.47
2802.22
2803.98
2805.75
2807.51
2809.29
2811.05
2812.81
2814.59
2816.36
2818.15
2819.93
2821.70
2823.46
2825.21
2826.97
2828.69
2830.43
2832.17
2833.88
2835.58
2837.28
2838.99
2840.66
2842.33
2843.98
2845.62
2847.26
2848.86
2850.45
2852.03
2853.61
2855.16
2856.72
2858.23
2859.72
2861.19
2862.68
2864.14
2865.59
2867.04
2868.43
2869.82
2871.20
2872.57
2873.92
2875.25
2876.56
2877.87
2879.17
2880.45
2881.71
2882.96
2884.18
2885.40
2886.59
2887.78
2888.97
2890.12
2891.27
2892.44
2893.57
2894.68
2895.78
2896.88
2897.96
2899.02
2900.08
2901.15
2902.19
2903.21
2904.21
2905.22
2906.20
2907.17
2908.14
2909.09
2910.02
2910.93
2911.84
2912.73
2913.61
2914.47
2915.32
2916.17
2917.02
2917.85
2918.67
2919.47
2920.25
2921.03
2921.79
2922.57
2923.31
2924.03
2924.74
2925.44
2926.14
2926.82
2927.50
2928.18
2928.84
2929.50
2930.14
2930.79
2931.41
2932.04
2932.66
2933.26
2933.87
2934.50
2935.11
2935.71
2936.31
2936.89
2937.48
2938.06
2938.64
2939.23
2939.81
2940.38
2940.97
2941.53
2942.07
2942.63
2943.22
2943.81
2944.38
2944.95
2945.51
2946.08
2946.63
2947.22
2947.77
2948.34
2948.89
2949.44
2950.00
2950.55
2951.10
2951.63
2952.17
2952.72
2953.27
2953.79
2954.31
2954.83
2955.33
2955.84
2956.31
2956.81
2957.31
2957.79
2958.29
2958.77
2959.24
2959.69
2960.15
2960.59
2961.05
2961.50
2961.90
2962.33
2962.75
2963.14
2963.56
2963.93
2964.30
2964.65
2964.99
2965.33
2965.68
2965.97
2966.24
2966.53
2966.80
2967.04
2967.27
2967.48
2967.70
2967.90
2968.09
2968.23
2968.36
2968.47
2968.58
2968.69
2968.75
2968.78
2968.80
2968.79
2968.75
2968.72
2968.66
2968.58
2968.47
2968.33
2968.18
2968.02
2967.82
2967.61
2967.36
2967.10
2966.81
2966.52
2966.20
2965.87
2965.51
2965.12
2964.72
2964.29
2963.82
2963.35
2962.88
2962.39
2961.86
2961.34
2960.78
2960.20
2959.59
2959.01
2958.41
2957.81
2957.18
2956.52
2955.86
2955.19
2954.52
2953.84
2953.14
2952.43
2951.75
2951.03
2950.31
2949.59
2948.87
2948.15
2947.41
2946.67
2945.96
2945.23
2944.50
2943.78
2943.04
2942.34
2941.63
2940.92
2940.24
2939.54
2938.85
2938.18
2937.47
2936.80
2936.13
2935.47
2934.80
2934.14
2933.51
2932.88
2932.27
2931.66
2931.03
2930.46
2929.87
2929.31
2928.75
2928.21
2927.63
2927.10
2926.56
2926.02
2925.51
2924.98
2924.50
2924.01
2923.52
2923.03
2922.54
2922.06
2921.59
2921.13
2920.64
2920.17
2919.69
2919.21
2918.75
2918.26
2917.76
2917.27
2916.76
2916.25
2915.74
2915.22
2914.67
2914.12
2913.56
2912.99
2912.41
2911.81
2911.18
2910.54
2909.88
2909.21
2908.52
2907.78
2907.03
2906.25
2905.46
2904.67
2903.81
2902.92
2902.01
2901.11
2900.15
2899.18
2898.20
2897.16
2896.11
2895.04
2893.97
2892.86
2891.74
2890.57
2889.40
2888.21
2886.97
2885.74
2884.47
2883.20
2881.91
2880.61
2879.30
2877.95
2876.62
2875.28
2873.91
2872.53
2871.15
2869.78
2868.39
2867.01
2865.62
2864.23
2862.86
2861.47
2860.10
2858.73
2857.37
2856.02
2854.67
2853.33
2851.97
2850.65
2849.33
2848.03
2846.72
2845.44
2844.17
2842.91
2841.67
2840.45
2839.22
2838.02
2836.83
2835.63
2834.44
2833.27
2832.10
2830.96
2829.81
2828.69
2827.57
2826.46
2825.34
2824.22
2823.10
2822.02
2820.92
2819.83
2818.72
2817.64
2816.53
2815.41
2814.31
2813.21
2812.08
2810.95
2809.80
2808.68
2807.55
2806.38
2805.23
2804.03
2802.84
2801.65
2800.45
2799.25
2798.04
2796.79
2795.54
2794.28
2793.02
2791.77
2790.49
2789.19
2787.90
2786.58
2785.25
2783.92
2782.60
2781.25
2779.91
2778.57
2777.20
2775.84
2774.47
2773.12
2771.74
2770.38
2769.02
2767.67
2766.31
2764.93
2763.57
2762.20
2760.85
2759.49
2758.12
2756.76
2755.43
2754.10
2752.77
2751.46
2750.14
2748.81
2747.51
2746.20
2744.91
2743.63
2742.33
2741.05
2739.76
2738.48
2737.18
2735.90
2734.62
2733.32
2732.02
2730.72
2729.44
2728.16
2726.86
2725.58
2724.28
2722.97
2721.68
2720.37
2719.05
2717.75
2716.42
2715.11
2713.80
2712.46
2711.12
2709.77
2708.40
2707.06
2705.69
2704.31
2702.93
2701.51
2700.11
2698.68
2697.27
2695.86
2694.45
2693.03
2691.61
2690.19
2688.75
2687.30
2685.84
2684.37
2682.92
2681.45
2679.99
2678.54
2677.06
2675.58
2674.10
2672.64
2671.17
2669.70
2668.20
2666.73
2665.25
2663.74
2662.26
2660.77
2659.26
2657.78
2656.28
2654.80
2653.32
2651.81
2650.29
2648.77
2647.28
2645.76
2644.24
2642.73
2641.21
2639.68
2638.18
2636.64
2635.13
2633.60
2632.07
2630.55
2629.01
2627.48
2625.93
2624.38
2622.83
2621.27
2619.72
2618.17
2616.59
2615.01
2613.43
2611.89
2610.32
2608.75
2607.20
2605.62
2604.03
2602.45
2600.86
2599.26
2597.66
2596.07
2594.46
2592.86
2591.29
2589.70
2588.09
2586.50
2584.87
2583.26
2581.65
2580.07
2578.47
2576.87
2575.24
2573.65
2572.07
2570.45
2568.84
2567.24
2565.62
2564.02
2562.41
2560.82
2559.23
2557.63
2556.05
2554.44
2552.83
2551.25
2549.67
2548.07
2546.47
2544.90
2543.31
2541.72
2540.13
2538.56
2537.00
2535.44
2533.89
2532.32
2530.74
2529.20
2527.64
2526.10
2524.55
2522.99
2521.43
2519.89
2518.35
2516.82
2515.30
2513.77
2512.25
2510.73
2509.22
2507.73
2506.24
2504.72
2503.23
2501.73
2500.24
2498.76
2497.27
2495.79
2494.32
2492.84
2491.39
2489.94
2488.47
2487.00
2485.56
2484.09
2482.63
2481.18
2479.73
2478.28
2476.83
2475.38
2473.94
2472.48
2471.03
2469.57
2468.11
2466.64
2465.17
2463.69
2462.22
2460.73
2459.25
2457.74
2456.26
2454.78
2453.30
2451.81
2450.32
2448.80
2447.29
2445.79
2444.27
2442.74
2441.19
2439.67
2438.11
2436.60
2435.07
2433.55
2432.04
2430.53
2429.01
2427.51
2425.99
2424.51
2423.02
2421.54
2420.08
2418.63
2417.21
2415.78
2414.34
2412.93
2411.53
2410.17
2408.83
2407.48
2406.18
2404.86
2403.59
2402.33
2401.09
2399.88
2398.69
2397.52
2396.38
2395.25
2394.14
2393.07
2392.00
2390.97
2389.97
2388.98
2387.97
2387.00
2386.05
2385.13
2384.23
2383.33
2382.47
2381.62
2380.79
2379.98
2379.15
2378.37
2377.57
2376.78
2376.00
2375.25
2374.48
2373.76
2373.02
2372.31
2371.55
2370.82
2370.10
2369.40
2368.67
2367.95
2367.23
2366.53
2365.82
2365.11
2364.40
2363.68
2362.98
2362.28
2361.57
2360.87
2360.17
2359.49
2358.81
2358.13
2357.46
2356.79
2356.13
2355.46
2354.80
2354.15
2353.50
2352.84
2352.17
2351.53
2350.88
2350.27
2349.66
2349.04
2348.45
2347.87
2347.29
2346.70
2346.15
2345.60
2345.07
2344.53
2344.00
2343.47
2342.97
2342.49
2341.98
2341.49
2341.05
2340.59
2340.13
2339.68
2339.23
2338.80
2338.38
2337.96
2337.53
2337.10
2336.69
2336.28
2335.88
2335.45
2335.06
2334.68
2334.25
2333.84
2333.45
2333.03
2332.62
2332.21
2331.80
2331.37
2330.95
2330.53
2330.10
2329.65
2329.21
2328.75
2328.31
2327.86
2327.43
2326.94
2326.47
2325.99
2325.51
2325.03
2324.56
2324.07
2323.58
2323.07
2322.59
2322.11
2321.61
2321.13
2320.64
2320.12
2319.63
2319.13
2318.63
2318.15
2317.68
2317.20
2316.72
2316.26
2315.79
2315.35
2314.91
2314.47
2314.04
2313.66
2313.26
2312.90
2312.54
2312.18
2311.84
2311.51
2311.23
2310.96
2310.69
2310.44
2310.21
2310.01
2309.83
2309.65
2309.50
2309.39
2309.28
2309.20
2309.13
2309.07
2309.03
2309.04
2309.07
2309.14
2309.19
2309.27
2309.39
2309.51
2309.65
2309.83
2310.01
2310.23
2310.43
2310.68
2310.95
2311.25
2311.56
2311.87
2312.19
2312.55
2312.90
2313.29
2313.68
2314.09
2314.51
2314.94
2315.39
2315.86
2316.34
2316.82
2317.31
2317.79
2318.28
2318.77
2319.26
2319.75
2320.26
2320.78
2321.27
2321.77
2322.25
2322.75
2323.25
2323.72
2324.21
2324.72
2325.20
2325.66
2326.15
2326.64
2327.10
2327.58
2328.03
2328.47
2328.92
2329.34
2329.78
2330.21
2330.65
2331.06
2331.49
2331.89
2332.30
2332.76
2333.21
2333.63
2334.05
2334.49
2334.93
2335.38
2335.82
2336.30
2336.78
2337.27
2337.77
2338.29
2338.81
2339.36
2339.91
2340.47
2341.08
2341.69
2342.31
2342.95
2343.60
2344.31
2345.03
2345.74
2346.49
2347.25
2348.01
2348.81
2349.64
2350.48
2351.34
2352.23
2353.12
2354.03
2354.97
2355.89
2356.83
2357.81
2358.80
2359.80
2360.81
2361.84
2362.87
2363.90
2364.98
2366.04
2367.14
2368.21
2369.28
2370.37
2371.46
2372.57
2373.68
2374.81
2375.95
2377.08
2378.20
2379.33
2380.46
2381.60
2382.72
2383.86
2385.01
2386.15
2387.29
2388.44
2389.61
2390.78
2391.93
2393.08
2394.25
2395.45
2396.62
2397.79
2398.97
2400.17
2401.37
2402.58
2403.79
2404.98
2406.20
2407.42
2408.65
2409.88
2411.11
2412.37
2413.61
2414.88
2416.14
2417.41
2418.67
2419.95
2421.25
2422.54
2423.86
2425.18
2426.50
2427.84
2429.20
2430.58
2431.96
2433.30
2434.66
2436.06
2437.47
2438.88
2440.30
2441.76
2443.22
2444.68
2446.16
2447.66
2449.16
2450.68
2452.19
2453.71
2455.28
2456.86
2458.46
2460.06
2461.68
2463.32
2464.98
2466.65
2468.35
2470.05
2471.76
2473.50
2475.24
2476.99
2478.77
2480.57
2482.35
2484.17
2486.01
2487.85
2489.70
2491.57
2493.46
2495.36
2497.27
2499.19
2501.13
2503.05
2505.00
2506.95
2508.91
2510.86
2512.82
2514.81
2516.75
2518.70
2520.69
2522.70
2524.69
2526.69
2528.69
2530.68
2532.69
2534.69
2536.69
2538.68
2540.67
2542.67
2544.67
2546.69
2548.69
2550.66
2552.63
2554.64
2556.64
2558.64
2560.62
2562.60
2564.59
2566.57
2568.57
2570.56
2572.56
2574.55
2576.54
2578.54
2580.53
2582.54
2584.56
2586.57
2588.60
2590.63
2592.64
2594.69
2596.74
2598.79
2600.85
2602.93
2605.01
2607.07
2609.18
2611.25
2613.35
2615.48
2617.61
2619.73
2621.87
2624.02
2626.14
2628.30
2630.46
2632.62
2634.81
2636.99
2639.18
2641.38
2643.58
2645.76
2647.94
2650.16
2652.34
2654.49
2656.65
2658.83
2661.01
2663.17
2665.30
2667.47
2669.61
2671.74
2673.86
2675.96
2678.06
2680.17
2682.26
2684.34
2686.41
2688.47
2690.52
2692.56
2694.58
2696.61
2698.59
2700.58
2702.55
2704.53
2706.49
2708.44
2710.37
2712.31
2714.24
2716.15
2718.06
2719.95
2721.84
2723.74
2725.67
2727.56
2729.44
2731.33
2733.23
2735.12
2736.98
2738.86
2740.75
2742.64
2744.55
2746.43
2748.33
2750.26
2752.19
2754.11
2756.06
2758.01
2760.00
2761.99
2763.99
2766.01
2768.04
2770.06
2772.14
2774.23
2776.35
2778.48
2780.61
2782.80
2784.99
2787.20
2789.44
2791.71
2794.01
2796.33
2798.67
2801.04
2803.45
2805.90
2808.37
2810.87
2813.41
2815.98
2818.56
2821.18
2823.84
2826.53
2829.24
2831.96
2834.75
2837.56
2840.38
2843.23
2846.11
2849.00
2851.92
2854.87
2857.83
2860.82
2863.83
2866.83
2869.88
2872.92
2875.97
2879.04
2882.13
2885.25
2888.33
2891.42
2894.50
2897.62
2900.71
2903.79
2906.87
2909.93
2913.01
2916.05
2919.08
2922.10
2925.10
2928.09
2931.05
2933.99
2936.91
2939.83
2942.72
2945.58
2948.42
2951.23
2954.03
2956.79
2959.54
2962.27
2964.97
2967.64
2970.32
2972.96
2975.57
2978.14
2980.71
2983.25
2985.78
2988.29
2990.78
2993.27
2995.74
2998.17
3000.61
3003.03
3005.43
3007.80
3010.16
3012.52
3014.85
3017.21
3019.56
3021.90
3024.22
3026.53
3028.85
3031.19
3033.49
3035.81
3038.12
3040.45
3042.76
3045.08
3047.38
3049.72
3052.00
3054.31
3056.63
3058.96
3061.29
3063.62
3065.96
3068.31
3070.67
3073.05
3075.41
3077.79
3080.15
3082.54
3084.95
3087.36
3089.77
3092.18
3094.61
3097.03
3099.47
3101.90
3104.36
3106.83
3109.30
3111.78
3114.27
3116.76
3119.26
3121.77
3124.27
3126.76
3129.29
3131.81
3134.32
3136.85
3139.38
3141.87
3144.41
3146.92
3149.44
3151.97
3154.48
3157.00
3159.51
3162.03
3164.53
3167.03
3169.54
3172.03
3174.51
3176.99
3179.48
3181.95
3184.43
3186.89
3189.36
3191.81
3194.26
3196.71
3199.14
3201.56
3203.99
3206.42
3208.83
3211.27
3213.67
3216.08
3218.48
3220.88
3223.29
3225.64
3228.01
3230.39
3232.76
3235.12
3237.49
3239.87
3242.22
3244.58
3246.93
3249.29
3251.66
3253.99
3256.31
3258.64
3260.94
3263.26
3265.56
3267.85
3270.14
3272.44
3274.70
3276.97
3279.25
3281.52
3283.76
3286.01
3288.23
3290.46
3292.69
3294.89
3297.09
3299.29
3301.49
3303.66
3305.83
3307.98
3310.15
3312.28
3314.40
3316.52
3318.64
3320.75
3322.86
3324.97
3327.06
3329.13
3331.21
3333.30
3335.38
3337.47
3339.54
3341.60
3343.67
3345.71
3347.79
3349.83
3351.91
3353.97
3356.02
3358.09
3360.18
3362.27
3364.37
3366.44
3368.53
3370.62
3372.72
3374.81
3376.92
3379.02
3381.11
3383.23
3385.34
3387.45
3389.55
3391.67
3393.77
3395.90
3398.02
3400.16
3402.30
3404.42
3406.55
3408.67
3410.81
3412.93
3415.06
3417.19
3419.30
3421.44
3423.58
3425.72
3427.84
3429.96
3432.06
3434.20
3436.34
3438.48
3440.61
3442.73
3444.86
3446.98
3449.09
3451.19
3453.29
3455.40
3457.51
3459.61
3461.71
3463.81
3465.92
3468.02
3470.12
3472.22
3474.30
3476.38
3478.49
3480.56
3482.63
3484.72
3486.78
3488.86
3490.94
3493.02
3495.08
3497.14
3499.19
3501.26
3503.31
3505.35
3507.40
3509.42
3511.44
3513.44
3515.46
3517.46
3519.47
3521.46
3523.43
3525.42
3527.39
3529.35
3531.30
3533.26
3535.18
3537.12
3539.05
3540.96
3542.87
3544.78
3546.69
3548.57
3550.46
3552.31
3554.15
3555.99
3557.82
3559.63
3561.42
3563.20
3564.97
3566.73
3568.48
3570.22
3571.93
3573.66
3575.34
3577.03
3578.70
3580.34
3581.97
3583.58
3585.20
3586.77
3588.33
3589.89
3591.40
3592.91
3594.38
3595.83
3597.27
3598.69
3600.08
3601.45
3602.79
3604.13
3605.44
3606.71
3607.98
3609.22
3610.44
3611.65
3612.82
3613.95
3615.09
3616.20
3617.31
3618.39
3619.45
3620.48
3621.49
3622.48
3623.47
3624.45
3625.42
3626.36
3627.27
3628.20
3629.11
3630.02
3630.92
3631.79
3632.65
3633.52
3634.41
3635.26
3636.14
3636.99
3637.86
3638.73
3639.58
3640.44
3641.32
3642.21
3643.08
3643.98
3644.87
3645.81
3646.69
3647.62
3648.56
3649.49
3650.42
3651.40
3652.36
3653.32
3654.31
3655.30
3656.30
3657.30
3658.32
3659.33
3660.36
3661.41
3662.46
3663.51
3664.55
3665.57
3666.63
3667.67
3668.73
3669.79
3670.86
3671.92
3672.99
3674.07
3675.14
3676.20
3677.26
3678.30
3679.35
3680.39
3681.40
3682.43
3683.44
3684.44
3685.44
3686.42
3687.39
3688.36
3689.29
3690.24
3691.16
3692.07
3692.94
3693.82
3694.67
3695.52
3696.34
3697.15
3697.93
3698.71
3699.47
3700.19
3700.89
3701.57
3702.23
3702.87
3703.52
3704.13
3704.71
3705.28
3705.83
3706.37
3706.86
3707.36
3707.83
3708.25
3708.69
3709.09
3709.48
3709.84
3710.19
3710.48
3710.80
3711.11
3711.38
3711.65
3711.89
3712.10
3712.32
3712.52
3712.73
3712.90
3713.08
3713.23
3713.34
3713.48
3713.58
3713.70
3713.80
3713.89
3713.99
3714.06
3714.15
3714.20
3714.29
3714.37
3714.45
3714.53
3714.61
3714.70
3714.77
3714.83
3714.91
3715.01
3715.08
3715.16
3715.25
3715.33
3715.42
3715.50
3715.60
3715.71
3715.80
3715.88
3715.99
3716.08
3716.18
3716.28
3716.39
3716.49
3716.60
3716.70
3716.79
3716.89
3716.99
3717.09
3717.18
3717.29
3717.38
3717.45
3717.52
3717.61
3717.67
3717.71
3717.76
3717.80
3717.85
3717.89
3717.91
3717.95
3717.95
3717.93
3717.90
3717.89
3717.84
3717.80
3717.72
3717.66
3717.56
3717.47
3717.39
3717.26
3717.13
3716.99
3716.85
3716.70
3716.53
3716.36
3716.19
3715.98
3715.78
3715.55
3715.29
3715.04
3714.77
3714.51
3714.24
3713.95
3713.66
3713.36
3713.04
3712.71
3712.36
3712.01
3711.62
3711.23
3710.82
3710.43
3710.00
3709.56
3709.11
3708.68
3708.21
3707.73
3707.27
3706.77
3706.24
3705.70
3705.15
3704.59
3703.99
3703.42
3702.82
3702.22
3701.60
3700.98
3700.31
3699.64
3698.97
3698.28
3697.54
3696.84
3696.14
3695.39
3694.65
3693.88
3693.11
3692.31
3691.51
3690.70
3689.87
3689.02
3688.18
3687.34
3686.48
3685.63
3684.77
3683.91
3683.04
3682.16
3681.28
3680.39
3679.52
3678.62
3677.73
3676.83
3675.91
3675.00
3674.13
3673.24
3672.33
3671.40
3670.50
3669.60
3668.71
3667.81
3666.89
3665.98
3665.08
3664.19
3663.30
3662.38
3661.47
3660.54
3659.63
3658.71
3657.77
3656.83
3655.89
3654.95
3653.99
3653.03
3652.08
3651.11
3650.14
3649.18
3648.20
3647.20
3646.22
3645.23
3644.23
3643.20
3642.16
3641.12
3640.09
3639.02
3637.96
3636.89
3635.81
3634.71
3633.59
3632.47
3631.35
3630.23
3629.07
3627.92
3626.76
3625.59
3624.39
3623.22
3622.05
3620.88
3619.67
3618.48
3617.27
3616.08
3614.85
3613.64
3612.42
3611.18
3609.95
3608.74
3607.52
3606.31
3605.07
3603.86
3602.64
3601.44
3600.22
3599.00
3597.77
3596.54
3595.33
3594.10
3592.91
3591.67
3590.47
3589.28
3588.08
3586.92
3585.72
3584.54
3583.37
3582.20
3581.03
3579.87
3578.69
3577.51
3576.31
3575.11
3573.91
3572.74
3571.57
3570.37
3569.18
3568.00
3566.80
3565.61
3564.38
3563.18
3561.95
3560.73
3559.51
3558.28
3557.02
3555.75
3554.51
3553.26
3552.00
3550.76
3549.48
3548.17
3546.86
3545.56
3544.22
3542.90
3541.55
3540.21
3538.84
3537.49
3536.12
3534.74
3533.34
3531.94
3530.55
3529.12
3527.71
3526.27
3524.85
3523.41
3521.95
3520.48
3519.03
3517.55
3516.05
3514.56
3513.05
3511.55
3510.05
3508.51
3506.99
3505.47
3503.93
3502.40
3500.88
3499.33
3497.80
3496.26
3494.71
3493.14
3491.58
3490.04
3488.48
3486.92
3485.33
3483.75
3482.16
3480.56
3478.98
3477.38
3475.77
3474.14
3472.54
3470.91
3469.30
3467.66
3466.01
3464.39
3462.73
3461.07
3459.40
3457.72
3456.06
3454.36
3452.67
3450.93
3449.21
3447.47
3445.74
3443.98
3442.21
3440.43
3438.66
3436.86
3435.08
3433.28
3431.47
3429.61
3427.77
3425.91
3424.05
3422.21
3420.33
3418.43
3416.54
3414.64
3412.74
3410.84
3408.91
3406.99
3405.07
3403.16
3401.25
3399.34
3397.42
3395.50
3393.58
3391.69
3389.79
3387.90
3386.02
3384.15
3382.26
3380.38
3378.52
3376.69
3374.84
3373.01
3371.19
3369.41
3367.63
3365.90
3364.16
3362.44
3360.73
3359.03
3357.36
3355.68
3354.03
3352.40
3350.75
3349.18
3347.60
3346.05
3344.53
3343.01
3341.52
3340.04
3338.59
3337.14
3335.72
3334.30
3332.89
3331.48
3330.12
3328.75
3327.39
3326.06
3324.72
3323.41
3322.10
3320.78
3319.48
3318.18
3316.89
3315.61
3314.33
3313.04
3311.77
3310.50
3309.21
3307.94
3306.69
3305.42
3304.15
3302.88
3301.62
3300.37
3299.09
3297.82
3296.53
3295.23
3293.93
3292.63
3291.32
3290.00
3288.68
3287.34
3286.02
3284.67
3283.31
3281.97
3280.60
3279.23
3277.85
3276.46
3275.07
3273.66
3272.22
3270.79
3269.37
3267.91
3266.45
3265.00
3263.52
3262.02
3260.53
3259.01
3257.51
3255.99
3254.44
3252.89
3251.35
3249.80
3248.25
3246.70
3245.14
3243.59
3242.05
3240.48
3238.91
3237.34
3235.78
3234.21
3232.66
3231.10
3229.54
3228.00
3226.44
3224.91
3223.37
3221.85
3220.35
3218.82
3217.34
3215.83
3214.38
3212.89
3211.44
3210.02
3208.59
3207.18
3205.78
3204.38
3203.02
3201.64
3200.33
3199.02
3197.73
3196.46
3195.21
3193.97
3192.74
3191.54
3190.36
3189.19
3188.04
3186.92
3185.81
3184.74
3183.66
3182.59
3181.53
3180.49
3179.47
3178.48
3177.53
3176.58
3175.62
3174.69
3173.79
3172.88
3172.01
3171.14
3170.30
3169.45
3168.60
3167.79
3166.97
3166.16
3165.35
3164.56
3163.74
3162.95
3162.16
3161.39
3160.59
3159.83
3159.05
3158.28
3157.52
3156.75
3155.96
3155.19
3154.41
3153.61
3152.84
3152.05
3151.27
3150.46
3149.67
3148.87
3148.07
3147.23
3146.41
3145.58
3144.74
3143.89
3143.05
3142.20
3141.33
3140.43
3139.56
3138.68
3137.76
3136.85
3135.94
3135.00
3134.06
3133.10
3132.14
3131.18
3130.20
3129.21
3128.22
3127.22
3126.24
3125.21
3124.18
3123.16
3122.13
3121.09
3120.05
3119.00
3117.93
3116.87
3115.80
3114.75
3113.67
3112.60
3111.53
3110.45
3109.36
3108.30
3107.23
3106.15
3105.09
3104.03
3102.96
3101.91
3100.86
3099.82
3098.80
3097.78
3096.76
3095.76
3094.77
3093.80
3092.84
3091.90
3090.96
3090.06
3089.18
3088.28
3087.43
3086.58
3085.76
3084.95
3084.17
3083.40
3082.66
3081.95
3081.24
3080.57
3079.91
3079.27
3078.66
3078.08
3077.51
3076.98
3076.47
3075.97
3075.50
3075.04
3074.60
3074.17
3073.77
3073.39
3073.03
3072.70
3072.37
3072.08
3071.80
3071.51
3071.26
3071.02
3070.80
3070.58
3070.37
3070.19
3070.01
3069.84
3069.68
3069.53
3069.37
3069.24
3069.09
3068.96
3068.82
3068.69
3068.56
3068.44
3068.33
3068.23
3068.11
3068.00
3067.87
3067.73
3067.59
3067.44
3067.28
3067.13
3066.99
3066.80
3066.65
3066.48
3066.30
3066.10
3065.90
3065.69
3065.48
3065.27
3065.05
3064.82
3064.60
3064.36
3064.12
3063.89
3063.64
3063.37
3063.09
3062.82
3062.57
3062.31
3062.05
3061.78
3061.52
3061.26
3061.00
3060.73
3060.50
3060.25
3060.00
3059.77
3059.57
3059.34
3059.12
3058.93
3058.75
3058.57
3058.42
3058.27
3058.15
3058.04
3057.93
3057.84
3057.78
3057.73
3057.71
3057.70
3057.72
3057.75
3057.78
3057.86
3057.96
3058.04
3058.18
3058.34
3058.51
3058.73
3058.95
3059.20
3059.48
3059.78
3060.11
3060.45
3060.83
3061.25
3061.67
3062.11
3062.57
3063.06
3063.59
3064.15
3064.72
3065.30
3065.95
3066.62
3067.32
3068.05
3068.79
3069.56
3070.34
3071.14
3071.99
3072.85
3073.73
3074.63
3075.56
3076.50
3077.47
3078.48
3079.49
3080.51
3081.57
3082.62
3083.72
3084.82
3085.94
3087.06
3088.21
3089.36
3090.52
3091.71
3092.91
3094.12
3095.36
3096.58
3097.82
3099.07
3100.30
3101.56
3102.84
3104.13
3105.42
3106.75
3108.06
3109.37
3110.66
3111.98
3113.30
3114.62
3115.94
3117.27
3118.63
3119.99
3121.33
3122.67
3124.04
3125.41
3126.76
3128.11
3129.48
3130.85
3132.22
3133.60
3134.99
3136.37
3137.75
3139.12
3140.51
3141.89
3143.26
3144.64
3146.00
3147.38
3148.74
3150.09
3151.44
3152.78
3154.14
3155.48
3156.83
3158.15
3159.47
3160.74
3162.02
3163.30
3164.58
3165.84
3167.11
3168.33
3169.54
3170.75
3171.94
3173.12
3174.27
3175.44
3176.58
3177.71
3178.86
3179.99
3181.07
3182.17
3183.25
3184.30
3185.38
3186.43
3187.47
3188.51
3189.56
3190.60
3191.64
3192.68
3193.73
3194.77
3195.84
3196.88
3197.95
3199.02
3200.07
3201.15
3202.25
3203.34
3204.48
3205.62
3206.77
3207.94
3209.14
3210.35
3211.59
3212.84
3214.12
3215.43
3216.74
3218.08
3219.47
3220.86
3222.28
3223.75
3225.22
3226.74
3228.27
3229.84
3231.43
3233.05
3234.71
3236.38
3238.08
3239.79
3241.54
3243.33
3245.14
3246.96
3248.81
3250.68
3252.57
3254.46
3256.37
3258.31
3260.26
3262.25
3264.24
3266.24
3268.27
3270.28
3272.34
3274.39
3276.45
3278.52
3280.60
3282.67
3284.74
3286.83
3288.91
3290.98
3293.06
3295.14
3297.21
3299.29
3301.36
3303.45
3305.52
3307.60
3309.67
3311.73
3313.78
3315.82
3317.87
3319.91
3321.95
3324.00
3326.02
3328.05
3330.06
3332.07
3334.09
3336.11
3338.12
3340.15
3342.16
3344.16
3346.15
3348.15
3350.16
3352.16
3354.13
3356.13
3358.13
3360.12
3362.12
3364.14
3366.20
3368.22
3370.25
3372.28
3374.32
3376.36
3378.43
3380.51
3382.61
3384.69
3386.79
3388.90
3391.02
3393.14
3395.29
3397.46
3399.65
3401.85
3404.07
3406.30
3408.56
3410.79
3413.04
3415.34
3417.64
3419.97
3422.30
3424.63
3426.98
3429.34
3431.72
3434.13
3436.53
3438.96
3441.38
3443.83
3446.27
3448.74
3451.20
3453.69
3456.17
3458.67
3461.16
3463.66
3466.17
3468.68
3471.19
3473.70
3476.21
3478.74
3481.25
3483.78
3486.29
3488.80
3491.30
3493.80
3496.31
3498.79
3501.29
3503.77
3506.23
3508.69
3511.16
3513.58
3516.02
3518.47
3520.88
3523.26
3525.65
3528.03
3530.39
3532.76
3535.09
3537.44
3539.75
3542.05
3544.34
3546.59
3548.84
3551.08
3553.30
3555.51
3557.70
3559.90
3562.06
3564.20
3566.34
3568.47
3570.60
3572.71
3574.80
3576.87
3578.95
3581.00
3583.04
3585.08
3587.11
3589.15
3591.16
3593.18
3595.20
3597.20
3599.22
3601.23
3603.26
3605.27
3607.31
3609.34
3611.39
3613.46
3615.51
3617.59
3619.68
3621.77
3623.90
3626.05
3628.20
3630.37
3632.58
3634.80
3637.04
3639.32
3641.61
3643.93
3646.26
3648.62
3651.02
3653.45
3655.89
3658.36
3660.86
3663.40
3665.94
3668.52
3671.11
3673.73
3676.39
3679.06
3681.77
3684.51
3687.25
3690.04
3692.83
3695.61
3698.44
3701.28
3704.15
3707.02
3709.89
3712.79
3715.70
3718.59
3721.51
3724.44
3727.37
3730.30
3733.22
3736.14
3739.05
3741.97
3744.92
3747.82
3750.73
3753.63
3756.54
3759.42
3762.27
3765.13
3767.98
3770.81
3773.62
3776.42
3779.22
3782.01
3784.77
3787.52
3790.25
3792.95
3795.67
3798.35
3801.02
3803.67
3806.30
3808.90
3811.49
3814.06
3816.62
3819.15
3821.66
3824.15
3826.64
3829.11
3831.56
3834.00
3836.44
3838.85
3841.24
3843.62
3845.98
3848.33
3850.66
3853.00
3855.31
3857.62
3859.92
3862.22
3864.50
3866.80
3869.07
3871.33
3873.63
3875.90
3878.15
3880.42
3882.68
3884.95
3887.21
3889.49
3891.77
3894.03
3896.30
3898.59
3900.88
3903.17
3905.47
3907.77
3910.09
3912.39
3914.74
3917.07
3919.42
3921.77
3924.14
3926.52
3928.88
3931.24
3933.63
3936.01
3938.40
3940.79
3943.19
3945.61
3948.02
3950.46
3952.92
3955.36
3957.80
3960.26
3962.70
3965.18
3967.64
3970.10
3972.57
3975.03
3977.51
3979.99
3982.46
3984.92
3987.40
3989.86
3992.30
3994.79
3997.25
3999.71
4002.20
4004.69
4007.14
4009.62
4012.09
4014.53
4016.98
4019.42
4021.87
4024.33
4026.75
4029.19
4031.64
4034.09
4036.53
4038.98
4041.40
4043.84
4046.24
4048.68
4051.10
4053.52
4055.94
4058.34
4060.75
4063.14
4065.53
4067.91
4070.30
4072.69
4075.08
4077.45
4079.83
4082.17
4084.54
4086.88
4089.24
4091.58
4093.91
4096.23
4098.58
4100.90
4103.23
4105.57
4107.88
4110.17
4112.46
4114.75
4117.06
4119.34
4121.62
4123.89
4126.13
4128.42
4130.68
4132.94
4135.17
4137.41
4139.66
4141.90
4144.11
4146.32
4148.54
4150.72
4152.90
4155.10
4157.30
4159.49
4161.66
4163.83
4166.00
4168.16
4170.32
4172.48
4174.62
4176.75
4178.89
4180.98
4183.11
4185.21
4187.30
4189.37
4191.45
4193.53
4195.59
4197.66
4199.70
4201.72
4203.75
4205.77
4207.78
4209.77
4211.75
4213.73
4215.67
4217.66
4219.60
4221.52
4223.46
4225.38
4227.28
4229.17
4231.03
4232.91
4234.77
4236.62
4238.47
4240.32
4242.15
4243.98
4245.81
4247.63
4249.45
4251.26
4253.05
4254.84
4256.63
4258.41
4260.21
4261.99
4263.78
4265.59
4267.39
4269.19
4270.99
4272.79
4274.59
4276.39
4278.18
4279.99
4281.80
4283.58
4285.39
4287.22
4289.04
4290.86
4292.68
4294.51
4296.35
4298.19
4300.04
4301.87
4303.70
4305.57
4307.43
4309.27
4311.15
4313.02
4314.87
4316.72
4318.58
4320.42
4322.24
4324.09
4325.93
4327.76
4329.59
4331.43
4333.26
4335.08
4336.89
4338.73
4340.53
4342.33
4344.10
4345.85
4347.60
4349.37
4351.11
4352.84
4354.57
4356.29
4358.00
4359.69
4361.38
4363.06
4364.72
4366.36
4367.99
4369.61
4371.20
4372.78
4374.34
4375.91
4377.47
4378.98
4380.50
4381.99
4383.45
4384.90
4386.35
4387.77
4389.17
4390.53
4391.88
4393.21
4394.53
4395.84
4397.07
4398.31
4399.53
4400.72
4401.89
4403.06
4404.17
4405.26
4406.31
4407.36
4408.38
4409.38
4410.34
4411.30
4412.24
4413.15
4414.02
4414.89
4415.69
4416.49
4417.27
4418.05
4418.79
4419.50
4420.18
4420.89
4421.53
4422.17
4422.82
4423.44
4424.06
4424.63
4425.21
4425.78
4426.33
4426.87
4427.41
4427.95
4428.46
4428.99
4429.50
4430.00
4430.51
4431.00
4431.51
4432.02
4432.52
4433.04
4433.53
4434.04
4434.56
4435.06
4435.58
4436.09
4436.60
4437.11
4437.63
4438.15
4438.66
4439.21
4439.72
4440.25
4440.76
4441.30
4441.83
4442.37
4442.92
4443.47
4444.03
4444.57
4445.11
4445.64
4446.17
4446.70
4447.24
4447.80
4448.35
4448.88
4449.40
4449.93
4450.48
4451.00
4451.54
4452.04
4452.58
4453.10
4453.61
4454.12
4454.61
4455.11
4455.61
4456.09
4456.57
4457.04
4457.49
4457.94
4458.38
4458.82
4459.25
4459.66
4460.07
4460.49
4460.89
4461.28
4461.65
4462.03
4462.38
4462.71
4463.07
4463.42
4463.73
4464.04
4464.36
4464.66
4464.94
4465.23
4465.52
4465.78
4466.06
4466.31
4466.53
4466.77
4467.01
4467.23
4467.44
4467.65
4467.84
4468.03
4468.21
4468.39
4468.60
4468.77
4468.94
4469.12
4469.29
4469.46
4469.60
4469.73
4469.87
4470.04
4470.16
4470.31
4470.43
4470.54
4470.65
4470.77
4470.89
4470.98
4471.09
4471.19
4471.28
4471.38
4471.46
4471.52
4471.57
4471.60
4471.64
4471.66
4471.68
4471.68
4471.67
4471.65
4471.62
4471.59
4471.53
4471.46
4471.37
4471.29
4471.18
4471.07
4470.92
4470.75
4470.57
4470.37
4470.17
4469.94
4469.67
4469.41
4469.12
4468.80
4468.49
4468.14
4467.77
4467.38
4466.97
4466.55
4466.12
4465.62
4465.13
4464.63
4464.09
4463.54
4462.96
4462.37
4461.78
4461.15
4460.51
4459.85
4459.17
4458.46
4457.75
4457.06
4456.35
4455.61
4454.85
4454.09
4453.34
4452.57
4451.79
4451.01
4450.21
4449.38
4448.57
4447.78
4446.97
4446.15
4445.32
4444.51
4443.70
4442.88
4442.09
4441.29
4440.48
4439.68
4438.89
4438.10
4437.28
4436.48
4435.71
4434.94
4434.18
4433.39
4432.62
4431.86
4431.10
4430.33
4429.57
4428.81
4428.06
4427.32
4426.58
4425.84
4425.09
4424.33
4423.58
4422.84
4422.09
4421.32
4420.55
4419.80
4419.03
4418.26
4417.48
4416.70
4415.92
4415.11
4414.30
4413.50
4412.68
4411.87
4411.02
4410.19
4409.34
4408.48
4407.62
4406.75
4405.87
4404.99
4404.13
4403.24
4402.37
4401.47
4400.57
4399.67
4398.77
4397.86
4396.96
4396.06
4395.15
4394.22
4393.29
4392.36
4391.44
4390.51
4389.59
4388.65
4387.71
4386.79
4385.87
4384.93
4383.98
4383.04
4382.10
4381.16
4380.22
4379.27
4378.33
4377.35
4376.39
4375.41
4374.45
4373.48
4372.49
4371.50
4370.51
4369.51
4368.52
4367.50
4366.47
4365.44
4364.41
4363.37
4362.30
4361.23
4360.15
4359.07
4357.97
4356.88
4355.76
4354.64
4353.50
4352.35
4351.21
4350.04
4348.87
4347.70
4346.52
4345.36
4344.15
4342.94
4341.70
4340.48
4339.24
4337.98
4336.74
4335.50
4334.22
4332.95
4331.69
4330.41
4329.13
4327.87
4326.57
4325.28
4323.98
4322.66
4321.34
4320.02
4318.71
4317.38
4316.06
4314.73
4313.36
4312.00
4310.64
4309.27
4307.90
4306.51
4305.11
4303.72
4302.33
4300.95
4299.57
4298.15
4296.69
4295.25
4293.83
4292.37
4290.92
4289.46
4287.99
4286.48
4284.98
4283.50
4281.97
4280.45
4278.94
4277.42
4275.88
4274.33
4272.77
4271.19
4269.64
4268.09
4266.50
4264.94
4263.34
4261.76
4260.16
4258.56
4256.97
4255.35
4253.76
4252.16
4250.56
4248.97
4247.36
4245.76
4244.16
4242.54
4240.94
4239.33
4237.71
4236.10
4234.48
4232.87
4231.27
4229.66
4228.04
4226.41
4224.77
4223.15
4221.52
4219.90
4218.26
4216.62
4215.00
4213.37
4211.74
4210.07
4208.41
4206.73
4205.09
4203.41
4201.72
4200.03
4198.34
4196.64
4194.97
4193.29
4191.63
4189.93
4188.21
4186.51
4184.81
4183.08
4181.38
4179.69
4177.97
4176.26
4174.56
4172.84
4171.15
4169.46
4167.76
4166.08
4164.39
4162.72
4161.08
4159.43
4157.81
4156.18
4154.54
4152.95
4151.38
4149.81
4148.25
4146.68
4145.15
4143.64
4142.11
4140.60
4139.08
4137.62
4136.14
4134.68
4133.24
4131.80
4130.37
4128.95
4127.56
4126.14
4124.75
4123.36
4121.99
4120.60
4119.21
4117.85
4116.46
4115.11
4113.74
4112.37
4111.00
4109.65
4108.27
4106.89
4105.48
4104.10
4102.70
4101.29
4099.85
4098.41
4096.96
4095.52
4094.07
4092.61
4091.16
4089.67
4088.17
4086.68
4085.18
4083.65
4082.12
4080.58
4079.06
4077.51
4075.95
4074.38
4072.82
4071.24
4069.65
4068.05
4066.44
4064.84
4063.23
4061.64
4060.03
4058.42
4056.83
4055.21
4053.59
4051.98
4050.39
4048.81
4047.22
4045.63
4044.04
4042.46
4040.89
4039.34
4037.77
4036.23
4034.70
4033.17
4031.64
4030.11
4028.61
4027.12
4025.62
4024.15
4022.69
4021.23
4019.79
4018.34
4016.92
4015.51
4014.10
4012.70
4011.30
4009.93
4008.55
4007.17
4005.79
4004.44
4003.07
4001.73
4000.39
3999.07
3997.75
3996.41
3995.11
3993.80
3992.48
3991.17
3989.84
3988.53
3987.22
3985.90
3984.59
3983.27
3981.96
3980.67
3979.37
3978.06
3976.76
3975.46
3974.16
3972.85
3971.55
3970.21
3968.90
3967.59
3966.29
3965.00
3963.72
3962.44
3961.16
3959.88
3958.60
3957.34
3956.09
3954.83
3953.61
3952.36
3951.13
3949.92
3948.71
3947.51
3946.30
3945.11
3943.94
3942.74
3941.57
3940.45
3939.33
3938.20
3937.10
3936.01
3934.92
3933.85
3932.79
3931.75
3930.69
3929.68
3928.67
3927.67
3926.66
3925.67
3924.68
3923.72
3922.75
3921.80
3920.85
3919.90
3918.96
3918.04
3917.12
3916.20
3915.25
3914.35
3913.41
3912.49
3911.59
3910.69
3909.79
3908.89
3907.98
3907.09
3906.19
3905.29
3904.40
3903.53
3902.65
3901.74
3900.85
3899.95
3899.05
3898.13
3897.24
3896.34
3895.40
3894.48
3893.56
3892.65
3891.72
3890.78
3889.85
3888.93
3887.98
3887.03
3886.09
3885.12
3884.17
3883.20
3882.25
3881.27
3880.28
3879.29
3878.29
3877.30
3876.30
3875.29
3874.29
3873.28
3872.25
3871.23
3870.22
3869.20
3868.16
3867.11
3866.08
3865.05
3864.03
3862.99
3861.97
3860.95
3859.95
3858.93
3857.93
3856.94
3855.94
3854.96
3854.00
3853.05
3852.12
3851.18
3850.26
3849.35
3848.47
3847.63
3846.77
3845.94
3845.14
3844.36
3843.58
3842.84
3842.10
3841.39
3840.70
3840.05
3839.42
3838.79
3838.18
3837.60
3837.04
3836.53
3836.00
3835.50
3835.01
3834.55
3834.11
3833.69
3833.28
3832.90
3832.54
3832.18
3831.85
3831.53
3831.22
3830.94
3830.67
3830.39
3830.14
3829.87
3829.63
3829.40
3829.19
3828.96
3828.75
3828.56
3828.34
3828.13
3827.92
3827.74
3827.55
3827.36
3827.18
3827.01
3826.82
3826.66
3826.50
3826.31
3826.16
3826.00
3825.83
3825.64
3825.48
3825.33
3825.17
3825.02
3824.87
3824.71
3824.57
3824.43
3824.28
3824.14
3823.98
3823.84
3823.73
3823.59
3823.46
3823.33
3823.20
3823.09
3822.98
3822.86
3822.76
3822.67
3822.59
3822.53
3822.43
3822.38
3822.32
3822.25
3822.19
3822.14
3822.13
3822.13
3822.12
3822.13
3822.13
3822.13
3822.15
3822.21
3822.29
3822.36
3822.47
3822.57
3822.73
3822.88
3823.03
3823.23
3823.41
3823.62
3823.87
3824.14
3824.40
3824.68
3825.00
3825.34
3825.69
3826.06
3826.44
3826.84
3827.26
3827.70
3828.19
3828.66
3829.16
3829.68
3830.20
3830.74
3831.29
3831.84
3832.42
3833.01
3833.60
3834.21
3834.82
3835.45
3836.08
3836.69
3837.34
3837.96
3838.61
3839.25
3839.88
3840.52
3841.16
3841.79
3842.42
3843.04
3843.66
3844.26
3844.85
3845.45
3846.06
3846.66
3847.26
3847.85
3848.43
3849.00
3849.58
3850.14
3850.68
3851.24
3851.79
3852.32
3852.85
3853.37
3853.88
3854.43
3854.96
3855.52
3856.06
3856.60
3857.15
3857.69
3858.28
3858.84
3859.41
3859.96
3860.53
3861.11
3861.70
3862.29
3862.88
3863.48
3864.08
3864.74
3865.36
3866.02
3866.68
3867.37
3868.09
3868.82
3869.54
3870.26
3871.03
3871.78
3872.55
3873.35
3874.16
3874.98
3875.79
3876.64
3877.49
3878.34
3879.20
3880.09
3880.99
3881.88
3882.83
3883.76
3884.72
3885.68
3886.66
3887.64
3888.63
3889.63
3890.67
3891.71
3892.75
3893.82
3894.90
3895.99
3897.09
3898.22
3899.36
3900.50
3901.67
3902.86
3904.06
3905.28
3906.52
3907.76
3909.02
3910.27
3911.55
3912.84
3914.13
3915.48
3916.82
3918.17
3919.54
3920.94
3922.35
3923.75
3925.15
3926.58
3928.03
3929.50
3930.98
3932.47
3933.97
3935.47
3936.98
3938.51
3940.04
3941.56
3943.11
3944.69
3946.26
3947.84
3949.43
3951.01
3952.60
3954.20
3955.81
3957.41
3959.01
3960.62
3962.24
3963.86
3965.49
3967.11
3968.74
3970.38
3972.02
3973.67
3975.32
3976.96
3978.61
3980.28
3981.95
3983.63
3985.29
3986.96
3988.65
3990.34
3992.03
3993.75
3995.48
3997.18
3998.92
4000.63
4002.36
4004.12
4005.85
4007.62
4009.37
4011.13
4012.93
4014.73
4016.54
4018.35
4020.17
4021.98
4023.81
4025.65
4027.50
4029.34
4031.21
4033.08
4034.96
4036.84
4038.74
4040.65
4042.59
4044.49
4046.43
4048.35
4050.29
4052.24
4054.16
4056.14
4058.12
4060.09
4062.08
4064.05
4066.05
4068.05
4070.07
4072.10
4074.11
4076.12
4078.15
4080.19
4082.24
4084.27
4086.29
4088.34
4090.37
4092.41
4094.45
4096.49
4098.52
4100.58
4102.63
4104.67
4106.73
4108.80
4110.88
4112.94
4115.00
4117.08
4119.15
4121.23
4123.30
4125.38
4127.43
4129.50
4131.56
4133.61
4135.70
4137.76
4139.83
4141.91
4143.96
4146.02
4148.11
4150.16
4152.23
4154.32
4156.40
4158.49
4160.56
4162.63
4164.71
4166.80
4168.91
4171.01
4173.11
4175.21
4177.32
4179.44
4181.59
4183.72
4185.86
4188.03
4190.19
4192.36
4194.52
4196.68
4198.87
4201.06
4203.24
4205.42
4207.64
4209.86
4212.08
4214.30
4216.54
4218.78
4221.03
4223.26
4225.52
4227.80
4230.06
4232.34
4234.61
4236.90
4239.19
4241.49
4243.80
4246.12
4248.41
4250.74
4253.06
4255.37
4257.68
4260.02
4262.35
4264.69
4267.03
4269.37
4271.73
4274.09
4276.45
4278.83
4281.18
4283.55
4285.95
4288.33
4290.72
4293.10
4295.49
4297.91
4300.33
4302.74
4305.14
4307.58
4310.00
4312.43
4314.89
4317.33
4319.80
4322.27
4324.72
4327.21
4329.69
4332.20
4334.72
4337.22
4339.72
4342.23
4344.75
4347.26
4349.79
4352.32
4354.84
4357.37
4359.92
4362.46
4365.00
4367.55
4370.10
4372.64
4375.17
4377.70
4380.25
4382.79
4385.33
4387.89
4390.44
4392.99
4395.56
4398.09
4400.64
4403.20
4405.75
4408.31
4410.91
4413.47
4416.03
4418.63
4421.22
4423.81
4426.40
4429.00
4431.62
4434.22
4436.83
4439.48
4442.10
4444.75
4447.39
4450.06
4452.68
4455.35
4458.02
4460.70
4463.37
4466.04
4468.73
4471.44
4474.13
4476.84
4479.55
4482.27
4484.98
4487.72
4490.45
4493.18
4495.91
4498.61
4501.34
4504.07
4506.80
4509.54
4512.23
4514.93
4517.64
4520.33
4523.01
4525.68
4528.35
4531.00
4533.67
4536.31
4538.94
4541.54
4544.13
4546.72
4549.28
4551.84
4554.38
4556.91
4559.43
4561.94
4564.40
4566.88
4569.34
4571.78
4574.23
4576.64
4579.03
4581.43
4583.82
4586.17
4588.51
4590.86
4593.20
4595.53
4597.84
4600.16
4602.47
4604.78
4607.06
4609.35
4611.66
4613.96
4616.24
4618.52
4620.79
4623.09
4625.37
4627.68
4630.00
4632.33
4634.67
4637.03
4639.38
4641.73
4644.09
4646.47
4648.86
4651.23
4653.63
4656.03
4658.47
4660.93
4663.38
4665.85
4668.35
4670.84
4673.35
4675.88
4678.41
4680.96
4683.50
4686.09
4688.65
4691.24
4693.84
4696.43
4699.03
4701.65
4704.27
4706.90
4709.52
4712.18
4714.79
4717.42
4720.05
4722.71
4725.36
4728.01
4730.66
4733.31
4735.96
4738.62
4741.25
4743.88
4746.51
4749.14
4751.76
4754.38
4756.99
4759.60
4762.20
4764.80
4767.38
4769.97
4772.54
4775.10
4777.63
4780.14
4782.70
4785.23
4787.76
4790.26
4792.76
4795.22
4797.71
4800.17
4802.62
4805.07
4807.53
4809.97
4812.38
4814.80
4817.21
4819.60
4821.99
4824.38
4826.74
4829.13
4831.47
4833.86
4836.22
4838.53
4840.84
4843.15
4845.45
4847.76
4850.05
4852.33
4854.59
4856.86
4859.12
4861.38
4863.61
4865.83
4868.07
4870.29
4872.51
4874.70
4876.89
4879.06
4881.24
4883.43
4885.58
4887.72
4889.87
4892.00
4894.12
4896.23
4898.34
4900.44
4902.52
4904.60
4906.66
4908.73
4910.78
4912.82
4914.84
4916.86
4918.85
4920.86
4922.84
4924.83
4926.81
4928.76
4930.71
4932.65
4934.60
4936.54
4938.45
4940.35
4942.27
4944.18
4946.07
4947.95
4949.83
4951.70
4953.57
4955.44
4957.29
4959.17
4961.02
4962.85
4964.70
4966.55
4968.40
4970.24
4972.06
4973.91
4975.72
4977.53
4979.35
4981.15
4982.97
4984.79
4986.60
4988.41
4990.24
4992.03
4993.85
4995.66
4997.47
4999.26
5001.07
5002.87
5004.65
5006.45
5008.26
5010.05
5011.83
5013.63
5015.43
5017.23
5019.00
5020.79
5022.56
5024.34
5026.13
5027.92
5029.69
5031.46
5033.24
5035.00
5036.75
5038.52
5040.28
5042.05
5043.81
5045.56
5047.31
5049.06
5050.80
5052.55
5054.29
5056.02
5057.75
5059.50
5061.22
5062.98
5064.70
5066.45
5068.18
5069.88
5071.60
5073.30
5075.02
5076.71
5078.41
5080.11
5081.80
5083.47
5085.14
5086.80
5088.45
5090.10
5091.74
5093.36
5094.98
5096.58
5098.16
5099.72
5101.26
5102.78
5104.30
5105.81
5107.29
5108.74
5110.19
5111.61
5113.01
5114.41
5115.76
5117.11
5118.45
5119.77
5121.07
5122.34
5123.57
5124.79
5126.02
5127.21
5128.36
5129.51
5130.65
5131.76
5132.87
5133.97
5135.05
5136.12
5137.19
5138.23
5139.27
5140.30
5141.32
5142.37
5143.41
5144.43
5145.46
5146.48
5147.50
5148.54
5149.56
5150.55
5151.58
5152.62
5153.66
5154.70
5155.77
5156.84
5157.90
5158.97
5160.05
5161.13
5162.22
5163.29
5164.40
5165.51
5166.62
5167.73
5168.83
5169.95
5171.07
5172.19
5173.29
5174.39
5175.53
5176.65
5177.76
5178.86
5179.95
5181.05
5182.14
5183.23
5184.31
5185.35
5186.41
5187.46
5188.52
5189.53
5190.54
5191.55
5192.54
5193.49
5194.45
5195.39
5196.30
5197.22
5198.13
5199.00
5199.87
5200.73
5201.57
5202.39
5203.18
5203.95
5204.74
5205.50
5206.24
5206.96
5207.65
5208.36
5209.03
5209.68
5210.32
5210.96
5211.56
5212.18
5212.76
5213.32
5213.85
5214.38
5214.89
5215.37
5215.86
5216.31
5216.75
5217.18
5217.58
5217.93
5218.31
5218.64
5218.97
5219.28
5219.57
5219.85
5220.10
5220.34
5220.55
5220.76
5220.92
5221.08
5221.20
5221.33
5221.47
5221.57
5221.67
5221.73
5221.78
5221.84
5221.89
5221.91
5221.91
5221.94
5221.95
5221.97
5221.96
5221.94
5221.93
5221.92
5221.91
5221.90
5221.90
5221.90
5221.90
5221.90
5221.90
5221.92
5221.94
5221.96
5221.99
5222.00
5222.04
5222.10
5222.15
5222.22
5222.27
5222.34
5222.42
5222.54
5222.64
5222.74
5222.87
5223.00
5223.14
5223.26
5223.42
5223.58
5223.71
5223.86
5224.02
5224.17
5224.35
5224.53
5224.71
5224.87
5225.04
5225.18
5225.36
5225.52
5225.67
5225.81
5225.95
5226.07
5226.23
5226.35
5226.48
5226.59
5226.67
5226.75
5226.82
5226.87
5226.91
5226.91
5226.91
5226.90
5226.87
5226.81
5226.72
5226.64
5226.51
5226.38
5226.21
5226.03
5225.80
5225.58
5225.31
5225.00
5224.68
5224.34
5223.98
5223.57
5223.14
5222.68
5222.18
5221.69
5221.19
5220.62
5220.06
5219.46
5218.86
5218.21
5217.55
5216.87
5216.18
5215.48
5214.72
5213.97
5213.19
5212.38
5211.58
5210.78
5209.96
5209.09
5208.24
5207.38
5206.54
5205.66
5204.79
5203.91
5203.03
5202.15
5201.27
5200.38
5199.52
5198.63
5197.75
5196.91
5196.03
5195.17
5194.33
5193.51
5192.69
5191.87
5191.07
5190.25
5189.45
5188.67
5187.88
5187.12
5186.38
5185.59
5184.85
5184.11
5183.38
5182.64
5181.91
5181.18
5180.47
5179.75
5179.03
5178.30
5177.60
5176.90
5176.19
5175.47
5174.76
5174.04
5173.32
5172.60
5171.86
5171.13
5170.41
5169.67
5168.91
5168.14
5167.36
5166.59
5165.81
5165.00
5164.19
5163.34
5162.50
5161.64
5160.79
5159.91
5159.02
5158.11
5157.20
5156.28
5155.34
5154.39
5153.44
5152.46
5151.47
5150.48
5149.49
5148.48
5147.44
5146.38
5145.31
5144.22
5143.12
5142.01
5140.89
5139.75
5138.60
5137.43
5136.24
5135.07
5133.86
5132.65
5131.41
5130.15
5128.89
5127.62
5126.34
5125.04
5123.74
5122.40
5121.05
5119.70
5118.35
5116.98
5115.62
5114.23
5112.83
5111.41
5109.98
5108.56
5107.11
5105.66
5104.21
5102.75
5101.29
5099.80
5098.31
5096.81
5095.30
5093.79
5092.28
5090.76
5089.24
5087.72
5086.20
5084.68
5083.14
5081.63
5080.09
5078.54
5077.00
5075.49
5073.96
5072.43
5070.91
5069.38
5067.84
5066.29
5064.76
5063.20
5061.67
5060.13
5058.61
5057.07
5055.53
5053.98
5052.45
5050.94
5049.44
5047.91
5046.40
5044.88
5043.36
5041.84
5040.33
5038.84
5037.34
5035.82
5034.32
5032.81
5031.29
5029.79
5028.30
5026.79
5025.31
5023.83
5022.35
5020.88
5019.39
5017.92
5016.45
5015.00
5013.54
5012.07
5010.61
5009.17
5007.76
5006.33
5004.91
5003.51
5002.11
5000.71
4999.34
4997.95
4996.55
4995.17
4993.82
4992.46
4991.10
4989.74
4988.39
4987.05
4985.72
4984.39
4983.05
4981.71
4980.39
4979.06
4977.75
4976.44
4975.12
4973.81
4972.46
4971.13
4969.80
4968.47
4967.13
4965.80
4964.45
4963.10
4961.78
4960.42
4959.06
4957.68
4956.31
4954.90
4953.51
4952.10
4950.71
4949.27
4947.83
4946.36
4944.90
4943.42
4941.94
4940.43
4938.89
4937.37
4935.83
4934.28
4932.74
4931.17
4929.60
4928.02
4926.42
4924.81
4923.22
4921.59
4919.96
4918.33
4916.68
4915.04
4913.38
4911.76
4910.10
4908.43
4906.75
4905.09
4903.40
4901.72
4900.05
4898.37
4896.71
4895.04
4893.37
4891.68
4890.00
4888.32
4886.65
4884.98
4883.30
4881.64
4879.99
4878.34
4876.68
4875.04
4873.39
4871.76
4870.14
4868.51
4866.88
4865.25
4863.63
4862.01
4860.40
4858.76
4857.15
4855.54
4853.93
4852.35
4850.75
4849.14
4847.53
4845.96
4844.37
4842.77
4841.19
4839.60
4838.03
4836.45
4834.91
4833.36
4831.80
4830.24
4828.70
4827.18
4825.65
4824.10
4822.55
4821.01
4819.49
4817.99
4816.48
4814.97
4813.49
4812.02
4810.52
4809.06
4807.59
4806.11
4804.67
4803.25
4801.83
4800.37
4798.96
4797.54
4796.11
4794.71
4793.30
4791.90
4790.51
4789.15
4787.76
4786.40
4785.05
4783.72
4782.39
4781.05
4779.73
4778.42
4777.11
4775.81
4774.53
4773.25
4771.99
4770.75
4769.51
4768.27
4767.05
4765.85
4764.62
4763.41
4762.22
4761.03
4759.85
4758.68
4757.51
4756.38
4755.24
4754.10
4752.97
4751.86
4750.73
4749.66
4748.59
4747.51
4746.44
4745.37
4744.31
4743.24
4742.18
4741.10
4740.06
4739.02
4738.00
4736.95
4735.93
4734.90
4733.86
4732.81
4731.80
4730.78
4729.76
4728.76
4727.74
4725.88
4723.94
4721.88
4719.67
4717.33
4714.82
4712.14
4709.26
4706.16
4702.84
4699.27
4695.41
4691.23
4686.75
4681.90
4676.65
4670.99
4664.88
4658.27
4651.13
4643.44
4635.15
4626.21
4616.57
4606.21
4595.07
4583.09
4570.23
4556.44
4541.66
4525.85
4508.97
4490.95
4471.74
4451.29
4429.55
4406.46
4381.97
4356.04
4328.63
4299.68
4269.15
4237.02
4203.21
4167.73
4130.55
4091.62
4050.93
4008.46
3964.21
3918.17
3870.37
3820.76
3769.38
3716.25
3661.38
3604.84
3546.65
3486.82
3425.43
3362.55
3298.23
3232.54
3165.57
3097.37
3028.05
2957.69
2886.40
2814.28
2741.44
2667.98
2594.00
2519.63
2445.00
2370.21
